4000
97, -7
8, -20
-22, 9
37, -1
-69, 74
-30, 55
-1, -44
17, 44
-75, -26
62, -2
-16, 12
23, -66
1, -63
-38, 1
-73, -96
-95, 24
-64, -78
-94, 89
-11, 75
-93, 89
1, 89
-4, -49
6, 78
-28, 56
-56, -82
40, 37
99, -85
9, -87
75, -14
-79, -90
-73, 20
-7, -38
97, 94
-51, 96
-74, -73
-63, 15
53, 62
-43, 93
52, 2
-84, -56
-100, 55
18, -98
-47, 59
43, -33
-31, 91
48, -68
-62, 5
68, -54
-42, -13
-99, -65
16, 53
72, -77
28, 9
94, 25
79, -38
-93, 94
94, 63
39, -42
49, -20
-5, -31
-4, 36
60, 10
-19, 94
93, -23
81, -43
92, 16
29, 37
-13, -86
51, -24
22, 53
72, -47
28, -6
95, -49
25, 49
97, 12
-80, 71
75, 7
-2, -49
40, -76
-78, -31
-92, -50
79, 97
-57, -9
85, 45
72, 51
63, -3
-80, -74
99, -12
14, 42
-92, 97
38, 6
-33, 21
-98, -17
-64, -90
44, -21
-19, 83
3, -73
8, 14
-27, -21
-8, -90
39, 80
-51, -46
87, -76
-93, -81
-50, -35
-58, -26
-75, -41
-31, 98
-52, -65
-76, 83
87, 67
-96, 77
-76, 71
76, -44
-82, -80
-8, 99
24, 91
-67, -43
-65, 22
-8, 20
-15, -94
40, -56
-81, 56
90, 16
32, -30
-81, -96
28, -20
92, -72
11, 8
42, 70
-25, 39
-36, 11
17, -17
39, -68
35, 71
-51, 62
61, 71
90, -29
-84, -36
-25, -7
86, 6
53, -53
-13, 66
-22, -3
-37, 31
96, 45
-70, 74
-21, 13
-20, -54
23, -65
43, 12
-8, 46
-56, 14
-24, -41
47, 54
59, -88
50, 54
-7, -78
67, -51
-77, -51
-85, -14
-27, -36
-44, -23
-59, 27
-76, 61
-82, -68
-25, 40
-83, -90
-57, -41
66, -32
-80, -17
63, 43
95, -10
-34, -98
-43, -64
-26, -83
48, -74
-63, 85
-80, 87
-16, 83
62, -91
-48, 41
-2, -97
-43, 93
63, -24
75, 23
-75, 19
-84, 12
-84, 83
95, 5
13, -9
57, 14
-34, -96
45, 36
80, 72
-54, 80
-92, 66
75, -70
61, 37
-4, -73
-22, 1
-23, 92
-25, -74
94, -58
-61, 56
-54, -84
31, -6
65, 12
49, 97
8, -19
35, -41
83, 89
-20, -35
73, 15
-38, -65
43, 64
-90, -40
99, 23
55, -25
-17, -26
33, -14
-45, -61
-93, -74
-14, 71
51, -95
93, 63
-55, -46
14, -89
11, -88
93, -41
73, -49
83, 96
-46, 56
-79, -76
-67, 77
71, -91
20, 91
37, -65
-17, -57
-63, 39
-95, 86
-41, -57
13, -46
87, 30
-22, 96
12, -99
-91, 47
-34, -72
68, -62
93, 7
-27, 43
32, -15
29, 62
-96, -53
53, -94
-78, 43
-62, -99
89, 88
-60, 9
-70, -89
-5, 35
61, -40
26, -50
-11, 6
-14, -34
-31, 54
55, 72
-7, 4
64, 9
84, 67
-52, 62
-67, -60
8, 16
-41, -13
32, 26
83, 91
-84, -37
86, 97
-77, 1
75, -20
-52, -35
68, 29
-23, 81
-39, -37
-63, -18
-59, 31
-34, -58
82, 7
32, 32
30, 18
-19, -16
28, -71
-89, 34
-8, 74
10, 40
54, 12
97, 80
-24, 29
-95, -53
-25, 58
-80, 27
55, -19
13, 32
49, -15
-86, 51
68, 13
100, -12
-76, -84
-100, 54
-93, 65
72, 9
-18, 73
-35, -85
-25, -52
-55, 91
13, -23
-73, -37
92, -20
-92, 95
-95, 26
7, 40
31, 21
-20, -33
-48, -30
66, -35
5, -57
15, 83
-9, 31
58, 84
44, -61
-49, 82
38, 75
15, -91
82, -24
-9, -54
6, -62
-79, 29
26, -9
48, 28
60, -29
70, -96
70, 63
-1, 29
-57, -56
-97, 71
94, -56
-20, 35
18, -7
-78, 62
38, -45
-11, 68
-93, 9
67, -11
82, -18
95, -74
-98, -20
10, 50
27, 48
100, 21
-3, -56
-41, -12
82, 13
-83, -19
-17, 27
0, 49
73, 95
89, 44
53, -94
-70, 29
-93, -77
91, 60
89, -68
54, 46
48, -92
-94, 93
-74, 50
45, -75
-31, 64
-28, 38
-9, -10
-68, -28
42, 72
-93, 53
-5, 0
-54, -15
86, 70
-49, 39
-94, 93
4, -85
-70, 6
73, 15
-55, 67
0, -32
-76, -70
-11, -61
45, 75
75, -10
7, 53
1, 59
-18, 1
53, -62
65, -22
-53, -85
70, -17
20, -14
76, 63
-81, 59
-3, 28
-35, -13
-82, 21
-18, 47
-71, -43
-15, 69
9, -15
-98, 73
-46, -88
52, 59
18, -4
-47, -89
-25, 46
-30, -57
55, -58
85, 97
6, -30
-59, 47
90, -4
-78, 73
-61, -76
33, 57
-18, 88
44, -74
9, -26
12, 2
-22, -14
-17, -49
69, -10
33, 69
-29, -12
-8, 89
84, 3
-91, -82
-41, -46
31, 6
-6, 56
2, -94
-53, -95
-70, 13
75, -93
-53, -55
8, 76
87, 14
48, -77
53, -62
-70, 2
13, 68
61, 18
3, -37
-22, -22
-41, 24
-61, -21
66, 15
-10, 2
10, -74
17, -70
-93, -89
-11, -6
-48, -55
11, -72
-5, -87
-24, 53
87, -72
-47, 18
85, 9
76, 8
-25, -81
-91, 47
-31, -18
63, 6
66, 88
42, 35
-79, -60
-59, 19
86, 67
-16, -63
-64, -63
9, 84
63, 75
-80, 79
-66, 43
-39, -58
58, 59
-83, -81
-47, 12
-96, 9
-66, 45
-41, -10
-86, 69
-69, -9
5, 91
20, 65
-18, 83
-77, 45
-59, -26
4, -78
-28, 55
20, 47
-26, -57
-16, -86
7, -66
2, -60
-45, 15
23, -81
-27, -31
-88, 87
94, -72
57, -25
54, -6
-26, -95
-18, 73
-90, -91
-83, 78
-83, 39
47, 22
-55, 64
56, -47
15, 52
-20, 97
90, 61
-86, 34
41, 72
-42, -54
-50, -79
-97, 25
-76, -89
-79, 51
47, 3
-22, -87
-41, -45
-78, 45
-71, 38
-34, 51
52, 36
36, 79
-36, 60
89, 95
15, -83
0, -51
38, 13
64, 7
76, 54
99, -9
-97, -10
-21, 1
-51, 12
-58, 48
-92, 49
97, -47
77, 68
56, 1
-59, 37
22, -51
-11, -70
27, 21
-76, -91
31, -17
-3, 58
-39, -52
5, 8
-85, -30
20, 71
90, 0
9, 13
80, 98
-42, -23
-25, -57
91, -15
-68, 88
64, 33
93, 100
86, -97
21, 57
-64, 23
9, -71
-35, 44
-35, -52
96, -29
97, 35
2, -59
64, -44
91, -2
29, -13
25, 14
-80, 64
-17, -70
51, 95
-26, -54
-57, 60
76, 68
-8, -74
32, -26
-5, 43
39, 43
51, -2
13, 74
33, -77
89, 20
44, 9
39, -85
33, 76
54, 63
-41, -24
68, -22
-27, 91
-22, -74
7, -32
-28, 22
-42, -18
81, 97
-10, -36
-12, 94
23, 8
39, 25
93, 46
12, -100
-62, 38
73, -33
15, -9
72, -66
-15, -38
-17, 14
38, -44
51, -70
16, -95
-76, -1
10, 14
-45, 97
24, 95
-4, -97
43, -86
-3, -82
-46, 98
-31, -36
1, -61
-15, -85
-94, 95
36, -18
-63, 59
11, 54
100, 13
24, -45
-75, 88
-19, -43
-26, -60
16, 42
46, -53
-89, 34
22, -59
-93, 1
93, -18
-38, -41
98, -32
-98, -84
38, -7
92, -1
-88, -92
-97, 26
5, -5
70, 85
76, 98
-79, 45
-15, -89
-17, -46
8, -37
-6, -31
77, 36
-33, -87
83, 33
-4, 29
92, 70
-30, 3
79, -86
41, -84
24, -40
-26, 6
-17, -68
-27, -21
-63, -47
14, 89
-63, -55
-2, -96
38, 60
-18, -85
-11, -42
64, 97
17, -100
72, 86
-84, 99
72, 18
99, -15
77, 7
81, 19
1, -48
9, -12
70, 62
91, -98
-91, 94
-17, 40
4, 70
-20, -77
-2, 48
-52, -42
-2, -9
-50, -61
67, 25
-34, -12
-35, -62
45, -1
34, 69
-2, -50
-86, -41
-33, 0
-100, 92
33, -32
-71, -46
-81, 60
-98, 16
-10, 56
-30, 71
-87, 20
2, -25
70, 86
33, 70
64, 81
78, 7
-60, -84
-36, -85
-52, -83
-100, -40
54, -95
-43, -34
-67, -7
-69, 20
34, -32
-88, 26
-16, 37
3, -18
87, -98
79, 71
38, -55
-37, -61
-98, -87
-50, 34
-92, 81
-22, -7
-7, -15
42, 13
85, 61
-80, 39
-82, 88
-60, -67
-36, -6
14, -93
58, 86
31, -4
62, 65
60, 64
-74, -19
35, -68
-89, 4
-47, 49
68, 53
44, 30
9, 58
-72, 15
-64, -41
21, 73
61, 58
-33, 57
32, -64
76, 97
10, -71
97, -45
-28, 44
-46, -84
41, 81
88, -27
-70, -72
-35, 94
9, -6
-43, 43
-77, -70
-42, -86
72, 14
-39, 21
-4, -93
97, -44
-3, 20
-79, 71
-96, 30
-50, -63
-61, -54
-86, 57
2, 96
-28, 55
-74, -59
-6, -72
66, -6
-8, 71
46, 87
20, -34
-7, -83
-30, -69
70, 75
-31, 97
4, 58
82, 56
3, -2
82, 86
-57, 39
-34, 66
35, 41
74, -36
17, -14
-32, -57
23, 15
-21, 76
72, 48
74, 49
49, 60
-76, -66
-51, 94
97, 84
-40, -94
-55, -4
-10, -55
87, -5
-99, 39
-59, -92
19, 54
-78, -80
41, 99
17, 60
94, -86
50, 55
-21, 22
-68, 34
98, 92
75, -87
1, 26
-68, 70
35, -95
48, -16
-96, -28
77, 52
19, -95
-2, 52
49, -36
89, -59
-97, 6
100, -51
-53, 31
-84, -65
49, 99
15, 60
100, -5
25, 38
95, -75
-43, 70
-56, -39
-81, -63
-10, 97
-73, -23
-18, 72
-41, -31
79, 79
19, -4
-29, 31
58, 5
82, -14
-55, 16
-53, -97
-10, 61
-72, -66
25, -82
-59, 91
-55, 73
-45, -23
-84, -79
71, 27
98, -17
-48, 57
-57, -70
-23, 64
46, -14
48, -93
14, 58
-37, -20
61, 72
61, 33
-47, -3
-31, -55
55, 68
-26, -100
-4, 89
34, 32
83, -98
-26, 83
21, 88
-29, 12
-9, -30
5, -67
6, 88
-92, 60
-31, 38
-49, -88
-15, 42
12, -69
87, 95
94, 77
88, -34
-52, -70
-76, 93
55, 14
-48, 36
-80, 12
-5, -6
72, -75
-62, -16
28, -77
6, -7
-11, -71
-57, 25
79, -98
-20, 82
-49, 52
-78, 43
-90, -78
67, 33
22, -1
-8, 50
35, 91
1, 1
-35, 23
17, 37
-26, 75
-15, 62
72, -18
-23, -87
-96, 70
47, 80
40, 37
99, -50
-96, 0
-28, 72
-82, -93
-64, 80
-52, 79
0, -83
49, 43
41, -69
-57, -66
2, -75
21, -51
-31, 53
-87, 38
15, 87
68, -37
67, -78
-54, -92
42, 97
-81, -32
70, -85
43, -17
-39, 0
-22, 81
-51, 68
-29, 69
34, 1
-4, 34
-29, 4
40, 22
100, 80
68, -11
-60, -29
12, 3
-6, 73
2, -1
22, -61
98, 63
-42, -95
54, -72
1, 99
-17, -46
-75, 75
-69, -23
-23, -11
-70, 78
100, 79
-10, -67
87, -34
-97, -17
79, -43
59, 94
-96, -48
-44, 79
74, -81
-2, -14
61, -48
-16, 0
-20, -2
-47, 51
-79, 38
-74, -62
-45, -67
34, -23
-84, -85
68, -74
66, 96
-95, -63
88, 92
-32, -24
-53, -71
-81, -23
-89, 32
-37, 37
-8, -4
-28, -49
-50, -42
-23, -16
58, 28
89, -91
-71, 57
63, -33
-26, 86
46, -11
58, -39
-32, 65
-63, -79
-90, 75
-76, 16
-36, -85
-96, -24
-19, 31
-99, 15
-40, 2
-19, -74
46, 36
67, -68
-92, 49
53, 16
31, -88
12, 18
-50, -75
1, 44
34, 16
61, 64
57, 28
1, -18
24, -99
82, 86
35, 3
-91, 13
-27, -84
62, -2
-80, -2
-5, -39
23, 94
-98, -5
-32, 33
-31, -80
-42, -96
62, -73
100, -25
56, 45
85, 47
13, 34
-96, 48
-49, 59
-40, -66
-23, -98
40, -1
14, 20
93, -34
0, -31
-60, 98
12, 92
90, -35
-41, -66
-23, -19
28, 50
58, -9
75, 37
-11, -62
-93, -25
51, -56
1, -68
74, 51
-91, 7
45, -99
95, 82
-8, 27
11, -13
100, 93
-78, -77
-22, 54
-12, 62
54, 85
31, -91
-14, 77
-73, -59
19, -5
69, 87
79, 4
-71, 71
37, -5
86, 86
-22, 86
56, 37
80, 60
-76, 80
-67, -98
-7, 35
15, -20
44, -21
-8, 76
-52, 87
-46, 3
5, -29
-80, 84
-25, 69
-86, 17
46, 98
98, 91
67, -24
-46, 99
73, -15
39, -22
69, -37
79, 98
-86, 13
-99, -27
-1, 70
-95, -50
-69, -93
-50, -10
21, -98
73, 67
94, -95
6, -11
6, -64
-85, 40
41, 59
-37, -21
-98, 76
92, -96
13, -92
0, -45
-57, 75
8, 80
21, 59
79, -27
-58, -62
-3, 76
48, 33
-75, -69
-87, 6
50, 90
63, -97
67, -73
26, -7
73, -76
64, 7
3, -53
34, -20
19, -79
-25, 76
-24, 70
63, -74
59, -63
83, -53
36, -21
-6, 83
20, -1
-100, -43
-52, 0
-7, -90
33, 36
-55, -77
-43, -9
-14, -36
-40, -12
-71, 81
-66, 73
100, 0
2, -88
92, -24
-62, 4
93, 41
90, 94
0, 68
89, -16
-71, -41
-84, 39
37, -2
-72, 20
23, -59
-98, -3
-100, -69
-38, 38
31, 11
-78, -99
37, -45
-7, -31
94, 1
73, 7
-53, 17
43, 55
-71, -99
-15, 21
-11, 73
81, 86
-61, -18
-50, -87
-42, 24
48, 64
-77, 91
17, 89
58, 82
-21, -14
-64, -81
-65, -92
16, 72
15, 82
69, 33
-81, -58
-11, -54
61, -74
90, -79
-44, 77
-90, 87
96, 16
6, 51
-96, -94
-91, -4
62, -95
-53, -37
-59, 62
55, 74
-73, -83
-81, -63
-84, -1
-93, -96
-40, -72
-26, -97
1, -30
58, 24
-73, -5
67, -87
-21, -27
74, 15
-79, -80
13, -34
-68, -12
-93, 73
59, -98
-3, -99
-47, 39
-94, -31
-17, -11
92, -36
-15, -43
28, -10
40, -2
12, 29
80, -46
-92, -98
84, -29
45, 57
94, 93
-60, -45
-43, -61
-82, 37
79, 47
-60, -42
-97, -57
-47, -29
-39, 58
37, -46
-52, -6
-68, -10
94, 49
-7, 39
21, -28
-10, 94
50, -26
-45, -81
34, 38
-66, -94
-77, -58
86, 59
-45, -46
51, 22
-47, 48
50, 88
7, 9
24, -63
-95, 28
-13, 24
-37, 37
24, -87
-46, -30
-85, -10
-100, -3
50, -95
50, 21
60, -4
15, 99
77, -83
-39, 38
-73, -33
10, 46
-59, -61
12, 52
-62, -28
-61, -67
52, -72
-1, -82
17, 99
-26, 28
-38, 57
36, 36
-40, -89
-90, 58
53, -50
63, 52
22, 97
12, -50
77, 44
83, 73
55, -97
69, -23
-100, -90
56, 53
26, 70
-72, 22
-20, -8
94, -5
-25, 81
23, -79
46, -88
-85, -43
-24, -75
-66, -52
17, 57
7, -47
-15, -37
66, -83
-75, 89
17, 67
9, 4
43, 76
93, 31
2, -74
-56, -95
93, 7
-13, -33
25, 66
33, 82
-42, 65
6, -8
1, 35
-97, -99
30, -98
34, 24
-57, -96
-15, -34
87, -35
-97, -52
-63, -25
95, -36
-88, 52
29, -49
-92, 40
76, 61
25, -66
-43, 52
86, -64
55, 58
19, 56
50, 52
-82, 90
-92, -54
37, -77
10, -2
-1, -80
75, 13
51, -48
20, 57
7, 25
73, 46
91, 56
96, -39
55, 90
60, 92
80, 27
88, 51
22, -92
-85, -33
-73, -99
35, -16
33, -55
64, -84
-57, 41
98, -87
93, 59
-48, 75
1, 41
13, -28
-38, 84
-61, -38
-14, 63
-100, -48
-45, 70
40, -6
69, 68
28, 0
64, 24
72, -58
-56, -77
-6, -47
-32, -57
-89, 41
-86, 79
-40, 44
48, 37
-87, -1
14, -97
39, -35
61, -33
94, -29
-45, 92
83, -83
74, 34
-48, -41
-15, -3
80, -18
60, -92
-19, 45
72, -77
44, -7
-96, -79
-18, -61
-4, -46
-5, -64
-6, 33
7, -34
-55, 95
-94, 56
51, -20
-91, 63
41, 6
61, -24
3, -19
-89, 74
38, -74
-78, 71
38, -62
-51, -91
60, -88
98, -67
100, -85
-8, -15
-13, 70
-4, -55
58, 79
46, 87
-59, -82
80, 20
0, 78
10, 45
-9, 46
18, -21
-86, 2
68, -12
22, 95
24, 74
21, -98
-81, -55
61, -41
58, -29
21, -63
79, -66
27, -93
21, 64
-46, 49
-3, 52
-74, 72
82, 61
-99, -19
83, -21
-94, -86
73, 15
-76, 21
36, -14
75, 32
-50, 92
-34, -92
49, -66
-29, 95
54, 63
57, 43
-95, -16
-45, -3
60, 94
60, 46
-36, 28
44, -68
52, 66
0, 22
23, 100
67, -35
47, 84
29, 97
-37, 87
2, 59
-7, 66
-100, -97
-36, 96
-90, -30
71, -70
-49, 18
-27, -100
-45, 82
-26, -70
-24, -57
77, 46
7, 74
-5, 91
-46, -34
87, 30
30, 14
-88, -16
83, 70
-76, -30
65, -52
70, 2
3, 90
12, -36
76, 14
-33, 49
-64, 64
17, -62
51, 61
9, 91
-34, -1
2, -83
58, 25
-53, 100
51, 12
1, -71
-31, -30
81, -54
57, 64
30, 43
51, 21
15, 17
-51, 7
81, -38
68, 61
-32, 97
-56, -75
26, 91
88, 69
-87, 91
-75, 27
-51, 20
61, 14
42, -94
-62, 28
-62, -13
-79, 60
48, 81
-66, 29
73, 7
-54, -61
11, 24
-72, -20
62, 37
-57, -80
-84, 5
-96, -2
-6, 50
69, -73
74, 92
-28, 69
-88, -15
-10, 20
53, 57
-88, -38
-84, -43
-97, -34
44, -81
62, -94
46, -43
-11, 30
74, -70
-36, -32
70, 54
-58, -35
15, -37
-17, 75
86, -8
-95, 69
-34, 53
92, 100
42, 27
-60, 1
52, -95
5, -61
84, -65
76, 80
-3, 27
-42, 20
27, -82
88, 43
96, 49
77, -52
89, -49
85, 3
-32, -85
-28, 60
-56, 23
77, -56
-80, -90
-82, 37
-34, -67
-52, 11
91, -99
0, -76
-67, 95
-10, 0
49, 28
39, 8
11, -35
3, -67
-47, 93
-16, 19
-94, -24
70, -41
-2, -95
7, 91
34, -67
-12, 47
-33, -63
-48, 85
74, -68
18, -24
-86, -82
-25, -41
-16, 85
-53, -18
-49, -88
-7, -54
-90, 7
20, 34
58, 87
-21, 46
-20, -56
1, 8
95, -89
43, -60
39, -76
-12, 60
14, 85
-37, -92
-17, -12
74, -47
-15, 11
-8, 90
95, 9
-41, -54
-63, -96
-37, 46
65, -37
23, 44
31, -84
96, 31
76, 55
24, 62
42, 33
43, 84
9, -6
27, 32
31, 20
-40, 2
69, -37
85, -22
55, -50
-59, -34
56, -51
87, -42
62, 100
77, 1
37, 94
-87, -92
77, -89
8, -4
90, -46
58, -62
83, -51
62, 3
51, 43
-16, 11
-99, -73
100, -26
-63, 40
-80, -66
2, 63
22, 31
56, -6
22, 52
28, -27
-24, -95
-43, -52
3, -40
-86, 86
-65, 77
-4, -30
83, -93
27, 47
-87, 5
50, -11
-6, -27
-83, -70
-31, -32
-44, 14
3, 81
79, 59
-40, -89
39, 52
73, 16
69, 35
-28, 6
44, -6
-8, 31
77, -19
-73, -49
69, 97
-44, 13
50, -39
12, 99
78, -31
32, -94
-68, -69
14, -64
12, -60
41, 5
86, -56
88, 1
-83, -37
-55, -34
-85, -6
97, 0
22, 92
18, -45
0, -2
40, 88
-66, -55
10, -6
-74, -14
88, 5
6, 67
-69, 3
52, -31
-38, -14
-14, 89
45, 30
-45, 22
24, -23
94, 57
-74, -43
48, -49
33, -54
92, 36
37, -35
-79, 60
42, 66
-17, -59
56, -44
-34, -38
-10, 52
-9, 55
56, -64
36, -16
95, -92
46, -66
-70, -45
-100, -28
89, 18
-38, -54
71, -69
43, -26
25, -55
-75, 15
-58, 54
48, -70
73, -83
77, -98
-55, -28
77, -20
-28, 51
-25, 13
-9, -1
-32, 67
26, -86
52, -49
75, -48
-99, -47
-12, -20
46, 76
-60, 19
-85, -20
100, -10
97, -75
-77, 2
-12, 66
61, 67
8, -77
-40, -55
-36, -22
-60, -88
41, 98
-90, -71
-9, 85
45, 33
-31, -61
-66, -96
-10, -12
98, -25
-2, -88
77, -70
43, -35
-68, 4
-23, -23
66, -42
33, -40
43, -88
-41, 83
-87, -99
81, 97
3, 62
-52, -70
-14, -22
-27, 62
-68, 47
-46, -42
-2, 83
-47, 55
45, -9
7, 5
36, 47
28, -65
47, 43
-97, -52
64, -25
6, -49
-61, 72
-97, 87
14, -88
-61, -67
-87, -6
9, 10
-69, 69
30, 48
-84, 63
-26, 40
-50, -59
-8, -91
-28, 42
-25, 25
93, -45
-89, 2
11, -13
43, -21
-19, -18
-41, 1
-70, -51
16, -94
-94, 79
-21, 8
25, 60
-40, 49
45, 16
26, 58
26, -80
25, -54
-95, 67
72, -52
71, -50
-95, 49
-84, -85
100, -6
-23, -100
-4, -7
-84, -37
-14, -29
34, 1
96, 20
-23, -78
78, -58
-7, 62
50, -81
-38, -75
14, -69
-33, -91
-84, 43
15, 29
-72, -33
10, 10
-67, -61
69, 79
72, 93
77, 82
-19, -43
20, -20
47, -40
-43, -89
-82, 68
72, 48
46, 61
-39, -54
47, 44
-7, 23
-64, 33
-8, -23
-96, 74
-12, 69
-59, -22
-94, 68
57, -15
-53, 44
-14, 70
-37, 72
64, 2
100, 3
95, 97
69, -5
-41, 30
97, -38
24, -78
-78, 69
-17, -85
96, 70
82, -62
84, -55
57, 42
-79, 71
-32, 0
74, 26
82, 52
-62, -66
-62, -59
19, -14
-30, -48
-50, 25
34, 12
-62, -9
47, 84
2, -53
-82, 18
50, -76
20, -1
-93, 90
25, -42
-79, -20
94, -62
3, -60
-83, 95
-7, 81
-40, -86
67, -26
-14, -37
-83, -24
-21, -34
78, -44
58, 93
50, -28
48, 43
-60, 77
65, 92
49, -74
-63, 31
-16, -60
89, -96
1, -49
-36, -23
-86, 54
94, -47
-27, 3
-23, -90
97, -79
57, -91
16, 75
0, 60
-28, 60
77, -89
-41, -47
-5, -33
25, -2
35, -5
21, 65
-80, -44
83, -43
-3, -79
-95, 5
-15, 92
80, -81
6, -86
80, 31
32, 37
-36, -82
97, -28
97, 83
40, -87
-93, 13
82, -27
-1, -50
67, -12
-64, -17
-69, 11
-35, -63
-98, -98
-23, -47
59, 93
-43, 95
25, -67
76, -97
-72, 99
-19, -67
15, 99
-16, -16
-42, -86
84, 36
-21, -56
-29, -44
-84, 42
88, -90
6, -13
-75, 78
-64, -100
-11, 55
-19, -73
66, 87
-58, 71
-33, -58
-92, 56
-40, 48
57, -39
-27, -74
81, -71
55, -60
36, 78
-38, 16
39, 88
-96, 64
79, 57
80, -55
98, 6
55, -68
0, -17
46, 58
54, 91
-39, -41
27, 44
54, -28
49, -82
-30, -15
-56, -14
-2, -4
-21, -72
-25, 11
22, -88
-23, -21
94, -85
-61, -83
44, -28
79, -45
-1, 41
65, 76
-11, 38
89, 82
-10, -85
-18, -89
-42, 72
58, -54
-3, -50
56, -59
-56, -9
-2, 57
60, -43
7, -69
50, 21
25, -2
22, 99
96, -41
61, -24
58, -51
97, -15
-81, 73
58, -37
11, -17
48, -73
-35, 53
-94, 61
-7, -16
-41, -81
20, 85
-52, 58
-76, 32
6, -99
-92, -100
91, 52
11, -71
-43, 89
50, 69
55, -61
68, 79
89, 30
-74, 42
-29, -7
-67, -35
55, -65
81, 40
79, -10
67, -39
-67, 65
-9, -98
25, 17
-28, 49
-79, -52
47, -33
63, 40
60, -33
-64, -21
23, 33
-52, 65
26, 99
42, -28
-63, 25
-35, -69
-41, -99
-98, 23
61, -24
74, -93
57, -90
28, -59
-68, 94
54, -14
71, -5
11, -46
-3, 61
-58, 44
-72, 68
-68, -44
-24, 23
48, 49
24, -91
82, -67
-20, -11
54, 94
-4, 7
53, 25
53, 79
37, 33
-47, -77
-26, 100
-57, 78
51, -100
-65, -19
60, -87
-65, 5
37, -77
-92, 69
97, 64
21, -26
96, -90
-97, -2
34, 32
-2, -82
-23, 94
36, -87
46, -79
-84, -53
21, -51
-60, 92
-71, 91
65, 75
-1, 79
68, 92
-4, 47
-6, -10
6, 16
-18, 47
-25, 75
87, 55
-18, 13
-39, -37
90, 37
20, -35
-75, 71
55, 21
19, -94
-98, 2
-37, -64
-55, 61
-72, 14
-3, 3
19, -42
-11, -45
-94, 72
-51, 41
31, -86
-33, 42
18, 19
-32, 98
47, -50
-60, 20
55, -97
56, 92
1, -61
-97, -55
-98, 57
-41, 92
98, -64
54, -8
56, -12
1, -45
-52, -77
-41, 39
72, -22
-78, -13
67, 89
-40, 48
-71, -63
0, -15
-39, 49
-88, -25
-17, -63
90, 9
-82, 55
-23, -68
41, -100
-33, 8
6, 16
-74, 5
-100, -96
-88, -51
-54, -87
100, 57
81, 46
23, -44
-53, 9
66, 83
-56, -98
-30, -25
100, -65
-8, -96
-7, -31
-18, 43
-46, 18
-25, -88
5, 87
38, -13
3, -8
13, 34
44, -47
-27, -67
65, -89
-71, 89
34, -50
76, -81
70, 21
-39, 28
67, -70
-32, -54
12, -6
-41, -34
23, 35
94, -84
95, 51
40, -45
-21, -100
92, -90
-74, 48
-52, 89
-77, 82
-30, 41
-90, -6
-9, -23
40, -77
-71, -46
-74, 30
-16, 31
-80, 25
-8, 26
20, -63
-25, 82
-92, 19
36, -50
-87, -17
29, 69
-64, -62
59, -21
51, -40
98, -67
88, 91
-97, 62
51, 52
-37, 41
2, 64
15, -25
98, -24
-34, 17
51, 54
-93, 81
19, -63
18, 0
13, 20
-67, -7
22, 55
71, -85
-29, 47
66, 43
39, -24
-85, 13
-10, -61
-66, 50
24, -60
9, -59
53, 31
53, 12
-93, -77
31, 55
70, 38
-19, 64
-92, -72
-96, 4
-91, 93
26, 12
54, 30
-54, -97
74, -7
70, -14
84, 83
-83, -39
-59, -31
44, 40
-88, -26
89, 28
-42, -89
54, -17
-70, 82
49, 47
-29, 75
-94, -72
-27, 0
69, -95
-10, 23
-8, 62
-64, -26
89, -73
-51, 41
-67, 71
-53, -42
36, 6
0, 70
96, -55
8, 41
-83, 34
-63, -71
-70, 65
68, 20
-14, 23
67, 47
-44, 95
-19, 8
29, 50
95, 87
-37, 95
-38, 49
-59, -92
41, -1
68, -84
-100, 97
-33, -79
58, -30
9, -89
-29, -88
100, -42
-71, 91
-86, -97
46, -18
-20, 53
4, 74
-63, 24
-81, -81
-46, 76
-20, 88
18, -26
-21, -11
-57, -60
86, 28
-4, 22
-76, -73
-17, -78
-91, -24
-82, -56
-99, -7
-25, 47
-31, -48
31, -69
14, -18
37, 61
8, 35
14, 70
-34, -44
-73, -93
-7, -1
-64, -21
41, 86
-72, 0
-58, 26
95, 60
91, 60
93, 82
16, -9
63, -96
-17, -20
-49, 71
-57, 50
-30, 74
6, 30
55, 34
-60, -56
73, -89
-19, 20
-37, 2
-55, -73
21, 3
17, -15
9, -5
88, 31
-41, 8
-12, 70
37, -48
36, 58
14, -1
-77, 69
-39, 12
73, -39
-32, 12
64, -37
-66, 3
25, 36
22, 94
1, -93
45, 72
71, -75
93, 2
19, -23
-3, -76
-51, 71
-60, 41
-32, -8
-18, -33
-19, -61
-9, -13
-59, 86
18, 70
17, -5
39, -98
-86, 59
24, 89
64, -79
-7, 17
74, 2
37, 16
59, -55
13, -100
84, 29
-24, -37
64, 79
74, -68
-100, 33
33, -24
32, 56
60, 79
-42, 3
74, -45
68, -73
-31, 16
-75, -28
-83, 81
4, 31
38, -50
26, -20
-38, 44
-63, -13
85, -49
30, -55
76, 29
-48, -87
-47, -31
31, 100
-50, -55
-97, -39
-53, 6
-71, -87
21, 60
-46, -99
51, 99
88, -71
66, 28
26, 62
62, -15
61, 99
-56, -43
81, 18
46, -21
-79, -42
-11, 45
32, 64
-70, -16
8, 31
51, 62
-23, 17
20, 2
5, -95
22, 67
78, 11
-67, -10
92, 42
-39, 23
87, -51
74, 56
-16, 64
-34, 29
98, -91
87, 34
53, 54
-88, 25
90, -11
-71, 60
72, -38
51, 6
69, -78
-91, -22
55, -44
58, 96
5, -1
47, -88
-43, 37
26, -51
94, 15
1, -23
36, -18
-76, 94
56, -17
-96, 83
-99, -83
93, -59
-45, -49
-4, 7
4, 2
-57, -54
-92, -95
19, -23
-70, -73
16, 67
19, 93
99, 5
-49, -58
64, 10
40, -89
92, -82
-76, 71
-50, -98
-72, 79
-49, -19
-22, 96
-31, 66
1, 94
55, 94
69, 63
-4, 76
-68, -45
-71, -41
23, -10
30, 31
-34, -59
21, -8
52, 38
-46, 69
53, -92
96, 92
81, 35
26, -43
-8, 50
85, 37
21, -72
35, 78
7, 76
-76, 46
-75, -53
100, -67
52, 44
7, 1
77, 93
86, -41
30, 65
16, -6
-85, -15
-63, 11
-39, 77
66, -65
35, 71
98, 59
7, 5
7, 57
-15, 48
-26, 60
-28, 5
-29, -9
3, -62
60, -60
20, -89
-52, 19
-60, -61
-92, -68
39, -15
-1, -57
81, 23
-28, 20
-77, -2
59, 12
-70, 85
7, -33
-71, 44
-56, 54
31, 4
-25, -41
-84, 71
-72, 64
-63, 83
33, -48
-86, -91
96, -94
-57, -7
-41, -99
-9, 5
100, 17
-100, 31
46, -78
13, 45
-43, -61
-74, -26
-42, 10
-23, 16
22, -52
-42, 27
-26, -35
-42, 80
-76, 7
-29, 10
-67, -33
63, 56
-20, -57
-69, -8
38, -52
2, 6
49, -80
-6, 96
4, 13
99, 49
-24, -69
-81, 39
69, 7
79, 91
33, -9
-38, 80
-46, -53
-94, 73
74, 12
45, -34
35, 58
-82, -87
96, 10
-97, -12
76, 40
-54, 34
8, 2
58, 1
44, 33
-6, -60
14, -5
83, 68
-28, 80
36, -18
-57, -95
-64, 89
-39, 69
100, 64
57, -96
19, 45
-48, -95
32, -99
-36, -98
-63, -25
46, -80
41, 28
49, 39
91, -4
42, 72
-86, -73
70, -66
-11, -85
26, -3
-20, 48
80, 80
22, -79
74, 59
39, 79
74, -32
0, 81
75, -81
-96, -93
38, 8
54, -16
-5, -83
29, 60
87, -56
47, 18
29, -69
39, -48
4, -23
-44, -97
-12, 18
-90, -91
80, 34
-19, 11
96, -83
-14, 45
34, -78
-47, 10
21, 96
-77, -51
-90, 9
32, -74
41, 41
16, -100
-98, 24
25, 26
96, -76
39, 24
2, 5
-14, -77
-35, -72
-56, 92
-87, 80
-42, -68
62, 27
-5, 6
-7, 6
0, -84
-13, -76
-65, -51
84, -82
33, -58
-70, 93
9, 40
81, -45
-71, 30
-17, -8
88, -99
15, 71
12, 94
10, -64
-16, -81
-17, 88
-47, 1
-77, -23
34, 6
-54, 87
29, -22
59, 72
41, 78
-28, 14
-77, 80
58, 97
64, 26
32, -71
29, 47
-34, 90
-94, -44
-29, -80
4, 73
-59, -60
-48, 22
15, -29
79, -3
77, 61
-9, -7
24, -85
-90, 31
23, -46
-28, 89
92, 48
-55, 90
21, 15
30, -38
-61, -42
-12, 8
65, 9
-60, -50
30, -13
55, -16
-13, -32
60, 99
18, 1
-92, 82
74, -7
-77, -87
-34, -10
-81, 21
-38, 60
6, -34
96, -63
-22, 27
66, 18
-44, -99
67, -84
6, 34
57, -52
-67, 13
60, -65
92, 79
43, 65
81, 58
49, -47
47, 59
44, -70
6, 51
47, 100
73, 26
18, -40
-91, -11
-22, 50
61, -64
-62, -76
-67, -91
-75, 12
-4, -49
39, 67
-40, -25
82, 33
-58, 79
-64, -62
-49, -78
65, -43
-82, 69
65, 86
-80, 10
34, 64
64, -13
-31, -12
-5, -29
-64, 71
51, 77
-5, 54
46, -57
-78, 56
-35, -66
19, -84
-86, 71
-55, -50
-76, 67
-3, 91
62, -46
-74, -91
75, -93
-85, 68
100, -22
-37, -40
40, 76
-56, -36
-63, -82
82, 7
-13, 87
67, -85
43, 67
-99, -58
53, 83
-27, 75
-66, -28
-58, 6
-16, -80
22, -94
-77, -37
-31, -21
100, 56
-89, -57
-27, 42
-35, -73
-15, -93
4, 74
4, 52
-64, 16
-49, 32
-3, 97
56, -77
-52, 27
-51, -43
10, -17
3, -55
-84, 53
49, -44
-23, 74
45, 6
-40, -37
39, 14
23, 64
73, 52
24, 79
86, 67
-29, 0
67, -25
-19, 17
31, -14
48, -18
-52, 30
-28, -41
90, 90
4, 88
-74, 12
67, -54
36, -85
-47, -85
-24, -40
-76, 80
71, -81
-100, 1
68, 77
44, -1
-53, -44
-31, -21
28, 57
92, 59
-29, 50
48, 54
3, 19
-45, -74
74, 39
-69, -54
98, -99
-54, -76
-50, -11
43, 57
-2, -50
46, 65
1, -63
58, 59
6, 51
92, 4
-10, 0
38, 59
96, 57
-95, -59
16, 76
46, 63
73, 90
-14, 31
-34, -78
63, 61
-35, 81
-53, 45
-53, 36
-15, -39
-22, 84
89, -42
-70, 26
-29, 46
9, -75
73, -83
-53, -45
-86, 52
4, -3
-80, -7
14, -98
-10, 92
47, -77
45, 17
19, -98
-3, -91
-53, 82
100, 64
27, -53
80, -32
-58, -1
33, 14
-38, 98
95, 97
-42, 98
-12, 34
55, -79
-70, 3
-66, 57
41, -80
-66, -61
60, -83
2, -72
38, -11
16, 26
58, -46
-73, 25
-35, 79
-34, 66
43, 60
-70, -51
74, 93
-100, 75
-49, -6
17, -69
-18, -45
-45, -64
65, -49
39, 65
81, -64
82, -79
2, -59
53, 31
35, -66
-71, 84
-36, -25
-11, 52
-49, 5
78, 17
49, -92
-86, 61
66, -16
-94, 67
30, 62
-46, -16
-52, -65
-20, -100
95, -41
-38, 69
77, -31
-22, 0
100, -27
36, -68
-38, 57
-30, 28
48, -89
25, 44
2, 33
67, -16
-97, -73
-73, 95
-38, -28
-78, -39
58, 15
47, 44
90, 5
66, -50
-87, -68
-37, -41
-62, -67
-31, -6
-82, -26
-84, -29
56, -29
-42, 97
-48, 97
44, -79
-12, 27
53, 81
95, 30
5, 85
-48, -59
7, 32
-10, -39
-24, 12
96, 42
-28, 65
59, -77
96, -89
-7, 43
84, 19
-81, -6
-65, -5
-6, 47
-14, -50
33, -41
65, -52
-9, 2
-92, 36
2, -31
53, -50
62, 43
3, 85
-54, 70
38, -92
-55, 100
-47, 43
-69, 25
-92, -91
-83, 95
-41, 21
51, 6
-29, 83
42, -59
23, -64
-38, 78
45, 78
34, 59
78, 68
-53, -62
92, 100
-27, 22
43, -88
-5, 91
17, -79
-2, 68
-44, -27
8, -94
70, -59
33, 28
51, 86
12, 58
-73, 56
68, 69
-54, -45
93, 1
-21, 55
-31, -80
56, -61
-88, -89
-53, -32
-88, 66
1, -82
-31, 4
-78, -29
83, -97
-62, 25
95, -52
-71, -5
69, 50
-21, -38
18, -19
-11, -29
76, -37
38, 29
-40, -26
37, -28
92, -68
-8, -43
-77, 66
27, 9
-96, -4
29, -96
13, 46
-7, 93
71, -11
-78, 1
-8, -25
48, -24
-99, 19
-59, -13
44, -66
9, -72
-59, 53
-53, -6
-54, 51
-26, -64
-80, 86
-89, -73
24, 12
-70, -15
89, 28
83, 15
-21, 55
-98, 24
81, 39
91, 15
94, 98
-53, -58
-11, -4
-33, 22
23, -88
-79, 19
45, -40
-69, -65
-27, 80
84, 64
74, -74
89, 13
-24, 87
42, 11
70, -47
-49, -5
29, -23
32, 62
-72, 93
64, 90
-45, 86
-11, 0
-87, 33
-50, -53
-36, 39
67, -43
13, -18
74, -84
73, -16
71, -45
-8, -72
20, 100
-40, 96
40, -9
-85, -8
-21, 40
71, 17
4, 79
-22, -10
29, 6
54, -56
7, 1
-57, 96
47, -54
0, -39
30, -23
-22, 47
-36, -5
98, -95
33, 83
65, -71
26, -48
-36, 6
-47, -71
-33, 100
45, -56
84, 54
-53, 97
-94, 33
-19, -45
-65, 69
39, -27
59, -51
-95, -56
-69, 22
-100, 66
-58, -60
61, -1
-72, -7
-89, -2
22, -13
20, 52
55, -53
-1, 64
-24, 8
-35, 35
-52, -18
19, -8
99, 1
15, -41
56, -19
-30, 39
-4, -77
63, -46
1, 9
-43, 0
-27, -47
47, -6
-60, 99
-72, 37
73, -73
98, 28
58, 29
-12, 60
6, 55
38, 91
-30, -33
-34, -12
-12, 84
-83, -52
-75, 35
46, -80
38, -90
-56, 59
53, -88
-88, 77
-29, -45
-11, 27
29, -85
-28, -56
23, 30
-76, -95
48, 63
-69, -17
50, -76
-90, -89
64, 45
88, 10
34, 24
-69, 88
60, -21
7, -22
86, -30
-25, -54
-44, -63
-62, -95
64, 46
59, -56
-71, -91
-2, -43
-45, -22
71, 79
-36, 16
-18, -63
-26, -25
-36, 27
-53, 83
24, 71
-94, -2
53, 8
-16, -68
-88, 40
-21, 23
-86, -54
-77, 16
-70, -63
-53, -57
-8, 81
-32, -16
-39, 53
32, -48
78, 43
90, 22
-11, 38
-99, 54
0, -9
11, 48
-4, -36
-97, 61
77, -83
50, 37
52, -69
63, -5
90, -25
85, 91
60, -37
96, -77
-95, 75
14, 53
-70, -32
14, 14
8, -82
-72, 16
-90, 30
17, -47
-65, 15
-39, -58
-17, 52
-21, -73
-70, 77
58, 84
-43, -63
-67, 23
-62, 20
21, 0
74, 13
48, -48
63, -89
-63, 15
-83, 96
73, -74
-21, 76
74, 25
38, 52
63, 4
-54, 76
-64, 68
-54, -64
64, -76
88, 7
-68, 61
47, -39
-24, -24
64, -33
-43, 17
96, -34
-71, 6
-12, -49
-23, 68
-33, 45
-77, 73
-28, 71
-28, -36
-67, -26
-90, -47
-34, -14
50, -37
3, -57
49, 3
-57, -11
29, 99
-96, -84
12, -88
-87, 53
4, -71
97, 3
-61, -4
73, -4
72, -92
44, 98
-76, 33
-33, -24
21, -77
-96, -11
-88, 35
25, -11
-78, 34
22, 100
8, -48
72, -87
25, 90
-39, 25
-73, -61
-24, 46
-32, 43
55, 9
-57, 81
-68, 65
3, 27
-72, 47
17, 17
93, -65
65, -7
61, -58
-55, 93
-62, 9
70, 57
41, -99
40, -37
64, 35
-42, 57
21, 91
-6, 70
66, 59
-83, 89
-70, 9
-99, -46
-100, 0
93, -4
65, -27
90, 4
-35, -64
-95, -99
-17, -27
71, -11
33, 73
-20, -2
45, 20
-81, -8
32, 46
-73, -76
-88, -48
-79, -26
-73, 28
53, 10
13, 41
-90, -65
-70, -43
34, 3
53, -92
-77, -79
20, -44
76, -41
-22, 67
-10, -8
30, -45
-7, 39
-85, -23
35, -25
-79, -41
17, -53
-86, 68
79, 25
-59, 34
-33, -17
-58, -13
69, -77
20, -61
-34, 32
-22, -64
25, -44
-60, 86
93, 29
-1, -59
79, 17
-79, -63
-51, 62
51, -70
-19, -66
37, -87
71, 66
92, 51
69, -41
9, 40
84, -8
-42, 42
19, -17
-64, 30
-24, 53
23, -100
-1, -29
-27, -66
-73, 56
42, 21
61, 42
59, -100
75, -8
8, -29
91, -2
26, -85
8, -69
-88, -25
-3, -88
71, -24
84, 39
92, 35
-79, -19
16, -6
34, -29
-2, 18
29, -55
43, -6
84, 5
15, -28
51, 55
94, -34
-20, 4
-74, 48
12, 15
33, 19
-92, 27
25, -60
73, 62
83, 10
85, -40
10, 55
58, 90
75, 77
46, 57
15, -64
47, -45
0, -93
13, -27
9, -13
-73, 18
45, 1
-88, 89
26, 90
-37, 46
6, 16
-54, 87
-11, 94
-36, 31
49, 97
-12, -74
-4, 6
-31, 58
-10, 79
-91, -30
3, 74
-86, -26
-51, -42
-91, -9
25, -73
-30, -49
30, 61
0, -71
-26, 22
-25, -66
81, 19
46, -58
4, 53
79, 17
-6, 15
-3, 59
67, -18
2, -98
99, 16
55, 50
12, 44
34, 1
-69, -11
-2, -92
-3, 33
82, 21
-86, 36
86, -55
28, -20
2, -83
-14, -99
-84, 57
-34, -14
93, -3
-80, 31
96, -5
-96, -61
26, -86
-26, 90
37, 99
1, -2
-49, 76
49, -67
-10, 7
34, 9
-7, 99
57, 44
80, -51
45, -40
-44, -31
22, -82
44, 5
-50, 67
95, -19
80, -89
-43, -3
-26, 7
-17, -81
-100, -42
21, -2
1, -61
93, -63
-68, -44
-85, -50
-51, -19
-38, 30
44, -51
17, -18
93, -11
-35, 15
95, -18
-97, -47
-3, -55
-98, 57
-88, -29
9, 1
-87, -65
44, -32
-75, 15
73, 12
78, -98
93, -95
61, 22
55, 0
100, 24
79, 7
-49, 48
58, -31
-17, -23
17, -41
8, 46
100, 13
-64, 99
-46, -10
42, -67
-24, 33
-49, 9
-43, 20
-69, 83
-98, -78
-98, -68
-37, 67
-86, 37
-72, 34
32, 10
52, 62
15, -61
-89, 90
-42, -15
30, 5
84, -67
-71, -57
99, 62
-13, -16
-87, 59
-27, -32
35, -86
-27, 91
83, 82
44, -8
2, 26
-21, -52
-4, -95
65, 41
-94, 83
-16, 47
82, 74
38, -59
17, -1
64, -100
-11, 78
89, -90
-71, 4
37, -51
-76, 19
-8, -76
32, -100
-29, -97
13, 2
98, 90
79, -51
-11, 44
-56, 42
-99, -4
42, -64
-76, 10
13, 53
61, 37
-39, 72
-67, -23
-21, -71
36, 51
-77, 36
80, 30
89, -19
-38, 51
31, -55
-22, 96
-3, -81
-92, -64
42, 36
-4, 98
61, -59
-98, -51
-61, -30
62, -12
39, 31
5, 3
-61, 50
-24, -57
7, 2
67, -5
31, 86
55, 82
93, 88
83, 79
-51, 95
-75, 96
65, -100
-43, 5
69, 33
-29, 28
23, -1
-5, -10
-83, 8
-50, -36
5, 9
-56, -59
23, 32
-94, 99
35, 98
-20, -71
2, -28
88, -14
18, -67
-48, 22
7, -93
-59, 29
-72, 41
53, -46
-20, 12
-99, 84
52, -32
-28, 97
-48, -1
23, 53
78, 10
83, -72
82, -70
-59, -13
-98, 99
-25, 37
57, 35
-88, -94
-6, -2
-40, -7
3, 20
57, -76
-34, -5
96, -24
34, 100
-68, -15
53, -53
17, -67
-60, 43
-42, 8
87, -11
17, -88
39, 39
-97, -29
-75, -9
7, -42
-46, 26
-89, 21
91, 63
-81, 82
96, -9
-62, -95
82, -5
-19, 70
-21, -27
-25, 82
-26, -53
5, -64
-83, -64
-82, -54
-47, -95
61, -2
69, 58
-2, 6
87, 79
44, 67
90, -89
98, 53
64, -19
100, -10
92, -15
-37, 12
-83, 47
-32, 21
-74, 79
-6, 86
7, -87
-82, -44
-4, -22
-56, -53
49, 33
70, 53
-36, -30
-88, -95
63, 68
84, 79
74, 55
-88, -50
59, -94
83, -97
17, -71
5, -92
-19, -27
-11, 78
40, 33
-23, -76
26, -10
36, -53
-14, 45
-89, 16
43, -84
-80, 91
100, -27
15, -79
89, 95
-22, -2
59, -56
22, 74
98, -91
-12, -24
64, 49
33, -27
-74, -93
95, -59
53, 43
62, -46
70, 66
97, -24
61, 57
-13, -71
0, 96
70, -60
-52, 78
100, 96
81, -81
28, -57
30, 23
-71, 52
-69, -39
45, 6
13, -22
-30, 83
-88, -65
40, 86
50, -35
-46, 78
45, 56
24, -28
35, -80
31, 4
-98, 14
-81, -40
18, -83
-80, 85
-81, -73
-18, 82
90, 76
64, 20
-91, -80
-100, -23
-70, -60
69, 13
37, 15
-34, 83
-2, -86
-97, 58
-78, 42
74, -96
43, -86
59, -50
2, -8
38, 14
-86, 100
-81, -8
72, 37
-100, 1
-62, 46
-63, 99
-5, 2
96, 83
29, 17
-96, -47
-46, -3
7, 37
-95, -61
-65, -19
-62, -3
-91, -22
-45, -91
-4, -88
66, -68
-27, -1
40, 17
31, 22
-92, 56
12, 72
-66, 16
49, -90
1, 17
76, 51
74, 28
26, -98
43, 13
-7, -7
-1, -66
94, -86
-12, -71
44, -39
61, -92
-17, 83
-65, -24
-18, -55
-42, -92
55, 36
57, 19
-79, -9
90, 28
-88, -80
-56, -25
-2, -65
6, 75
-38, 31
-99, -52
73, -51
38, -84
-30, 60
-78, 84
-24, 100
18, 88
-88, 34
-19, -68
63, 78
82, 50
33, -76
-95, 50
98, -53
83, -92
-38, -34
6, 79
19, -28
-62, 37
