6000
-94, 44
-62, -79
34, -20
-58, 0
-100, -49
60, 94
91, 8
-96, 60
-26, -25
-47, 13
-40, -96
12, 93
66, 17
28, 87
63, -14
-44, 77
-5, -36
100, -89
-62, 65
3, -76
-45, -67
-68, -3
10, -39
-5, 34
-26, 51
98, 39
-70, 24
33, -95
-13, 60
-71, -54
-32, -23
-27, -9
-50, 3
52, 78
-72, 57
15, -78
-13, -85
-40, -12
-42, -22
38, -73
23, -29
-64, -38
81, -61
-98, 84
23, -83
-56, -98
92, -34
-90, -53
78, 61
26, -42
-94, 98
-21, 46
-16, 5
-15, 20
-28, 29
87, 49
36, 21
33, 49
-29, 97
-49, -22
-51, -34
-53, -93
0, -76
-36, 71
5, 96
-91, -56
-8, -14
-26, 12
53, -1
27, -82
-35, 100
-41, 81
55, 60
33, 32
-98, 60
65, 9
4, 24
88, -24
-77, 88
-85, -87
-94, 18
-92, 8
34, 86
58, 91
70, -22
3, 82
42, 6
-86, -87
22, -30
-93, 90
-46, -13
0, 14
41, -92
74, 12
49, -89
50, 81
23, -21
73, -80
-43, -26
-54, -70
44, -98
77, -34
-69, 45
-20, 47
-20, -20
-4, 34
-54, 100
43, 7
-31, -80
74, 98
-16, -62
12, 95
-16, 76
33, -89
-32, 31
-34, 72
81, -21
-60, 20
57, -43
-86, 16
36, -47
71, -32
-19, 29
-38, 44
90, 76
-86, -32
-93, 6
-20, -25
92, 75
54, -32
-2, 71
50, -86
85, 27
-67, 31
40, 23
-69, 20
-3, 98
-62, -77
-91, 39
-1, -11
-85, 64
-27, 60
-53, 5
35, -73
16, -90
-3, 54
-85, -89
-65, 24
64, 21
39, -37
76, -17
77, 50
-9, 56
-22, -3
43, 76
90, 34
-13, -37
27, -75
-2, -21
-25, 14
78, -37
78, -6
-11, 42
10, 97
3, -58
86, -92
-73, -36
55, -93
43, -15
-82, -76
-63, -7
-73, -5
11, -74
-95, -12
45, 63
-22, 64
-53, 43
-17, -95
-78, 39
47, 87
42, 18
75, 39
-6, -74
-13, 27
33, -9
-17, -76
79, 42
-19, -84
43, 73
-92, 70
20, 44
32, -90
-24, 40
-4, 87
87, -82
37, 44
-99, -12
29, -52
-68, 6
-13, -97
32, -2
5, -85
-68, -62
-92, -56
43, 65
64, 87
11, 69
-26, -21
11, 64
-44, 14
-74, -36
-76, 3
-42, -22
-2, 89
53, -19
-54, 76
24, -41
-66, -41
-85, -92
98, 20
-99, -65
-97, -81
-4, -27
-79, -58
56, -7
59, 51
6, -24
-98, -2
-77, -53
26, -93
-81, -81
-42, 45
-59, 14
33, 13
-1, 51
38, 52
-89, -33
-10, 57
-63, -82
-30, 24
-7, -71
-22, 42
74, 90
49, -77
-48, -92
45, -89
78, 39
9, -42
40, -11
-62, 43
16, 64
-35, -26
27, -6
-73, -81
-29, -62
37, 11
-61, -50
-39, 51
20, -17
-78, 67
39, 70
-7, 21
-71, -76
73, 81
-88, 64
-23, -64
75, 96
78, -91
-4, -50
83, -8
71, 75
-82, 54
-92, 58
92, 11
-64, -37
67, -8
92, -37
-83, -65
-40, 93
73, -33
-63, -79
90, -99
-97, 8
-72, 92
-1, -6
-67, -62
10, 18
-89, 64
42, 46
-42, 10
-58, -8
100, -64
57, 92
-90, 83
-40, -6
90, -14
-28, 37
-10, -11
10, 91
-79, 33
22, 56
-70, -13
45, -29
20, 85
80, 35
65, -28
4, 83
37, 57
74, 6
-21, -21
-89, 37
60, 82
-42, 66
37, -19
21, -24
-50, -48
-100, 43
-48, 83
-58, -17
100, -71
27, 42
67, -3
80, -31
80, 70
-60, 98
-11, -26
-28, -80
-23, 93
50, 72
-36, 83
33, 29
61, -63
71, 7
10, -30
-45, -37
91, -22
14, -52
43, -93
-69, 56
63, 70
79, 22
7, 17
0, 91
-19, -97
-73, 15
-43, 34
-17, 36
-26, -72
72, -40
3, -80
-60, -89
-83, 63
-86, 5
-35, 11
22, -50
35, 76
63, -73
76, 44
-18, -74
36, -1
-44, 56
-7, 33
15, -32
-69, 70
-55, 87
60, -23
-75, -19
-38, -52
31, 56
86, 55
-42, 98
-93, 56
45, -92
-77, -50
4, 7
-61, 21
-26, -16
93, -53
49, 56
-72, 51
-49, 55
-5, 33
-61, -25
-30, 29
38, -97
-5, -29
4, -57
62, -55
44, -50
-59, 17
-29, 95
-88, 9
-5, 21
-31, 81
-46, 19
-91, 78
-81, -87
41, -77
66, -75
-54, 6
10, -89
-33, 88
-98, -25
-14, -76
53, 34
78, -69
-50, -63
-61, 0
24, -11
98, -56
2, 53
-19, 46
40, -93
96, 53
-11, -61
95, -19
76, -48
-23, 34
67, 31
-42, 28
63, -77
74, 41
-99, -74
-49, 68
16, -29
49, -75
21, 35
74, -14
90, -64
76, 8
-51, 66
54, -67
6, -51
-22, -80
-30, 64
-4, -15
-50, -31
-61, -66
1, 20
-78, -88
47, -22
2, -97
29, 60
-39, -18
52, 5
-30, -2
23, -61
95, -31
10, -36
-30, 58
76, 81
85, -74
52, 20
48, 85
-99, -59
-84, 95
61, 77
39, -9
28, -17
-94, -37
60, -81
-50, -85
-60, 46
68, 18
35, 25
-29, -73
99, 32
32, -30
-56, 60
-4, 4
-81, 49
24, 3
-11, -64
-57, 18
-5, -61
-51, 76
-1, 48
-81, 51
-25, -52
-56, 57
66, 80
-27, -11
21, -56
-14, -52
-60, -55
-92, -44
-9, -45
-26, 64
-49, 21
57, -54
-61, 92
43, -61
86, 81
-93, -56
-86, 91
4, -48
86, 25
66, -75
47, 56
-19, 48
56, 41
79, -46
-57, -87
-70, 36
-32, 92
9, 44
60, -93
-28, 63
77, -19
-53, -45
78, -45
-43, -6
98, 67
0, 35
-94, 0
23, 11
95, 99
49, 77
14, -24
-93, 4
65, 64
42, 31
-2, 81
54, -78
29, 19
-57, -37
-45, 95
99, -62
-20, -71
47, 89
-53, 47
-47, -72
-21, -18
80, -35
55, -44
-62, -19
2, 10
-87, 15
91, 63
36, 79
-66, -75
17, -61
-72, 85
-18, 41
36, -70
24, 10
-6, 74
-83, -33
47, 81
-34, 88
36, 94
93, 77
6, 45
64, 87
-39, 60
-79, -23
-33, 84
38, 12
55, -100
55, 22
-83, -16
-14, 85
5, -48
28, -14
-25, -49
25, 35
-60, -87
87, 83
94, 34
-75, -18
76, -14
20, 46
-97, 0
-33, 8
-39, -39
7, -56
25, 79
-39, -43
-39, 54
15, -84
-16, 5
63, -80
93, 76
-85, -63
46, -56
-61, -67
-59, 98
14, -39
-63, 98
51, -44
-50, -38
-78, -56
-69, -36
50, -2
23, -56
-65, 92
6, -21
25, -92
86, 52
-47, -100
16, -45
-89, -35
-33, 31
40, -42
46, 25
6, -56
85, -41
52, 17
-85, -17
-50, -8
18, 99
79, -37
12, -96
-57, -65
-71, -65
-40, -12
-13, 13
-10, -85
-27, 77
65, -67
-55, -46
-90, -77
-17, -5
70, 7
29, -59
98, 83
-31, -42
18, 75
-75, -64
70, 67
-86, 28
16, 7
-35, -60
25, -73
-53, 39
52, 99
-9, 98
17, -81
59, -80
45, -94
42, 80
73, -26
2, -50
-86, 33
47, -54
-39, 49
4, -44
3, 17
26, -52
-46, -100
-91, 34
49, -64
-51, -84
55, 52
63, 59
1, -86
-90, -10
99, 85
56, -41
58, 21
-73, -63
-15, 71
-30, 85
-95, 64
-5, -17
70, 38
54, 89
-60, -9
-55, -11
-32, 12
-26, -96
-61, -10
96, 92
-34, -94
78, 60
-23, -44
23, 97
13, 98
-41, -48
-50, 20
56, 41
24, -80
12, 42
-31, 31
36, 83
-34, 24
-42, -91
-39, 71
31, -25
46, 62
95, 78
86, -31
86, -75
-85, -97
-60, 77
11, 81
81, 1
-9, -85
-78, -84
-57, -92
85, 82
-68, -37
10, -51
17, -16
-16, 67
-21, -7
-1, 81
56, 46
-23, -99
-16, 81
91, -36
29, 27
59, -9
0, -61
74, -6
-57, -73
36, -2
46, 51
-7, -59
-25, -47
-27, 42
46, -46
97, -1
-93, 41
-82, 64
-13, 93
-42, -49
-50, 0
-89, -99
47, 5
13, -92
66, 76
-57, 59
94, -38
14, 29
6, 81
83, -3
-35, 13
-35, 24
9, -58
-50, 92
10, 85
100, 35
-85, -93
-5, 1
56, 81
-76, -49
-75, 65
92, -10
-12, -52
-89, 52
82, 27
56, -27
55, 98
-2, -51
-58, -59
-36, 23
-40, -18
-6, 57
-17, -62
13, -65
61, -82
45, 44
-25, -68
2, -77
-54, -76
57, 31
-74, 31
-78, 14
35, -8
-39, 36
-62, 29
39, 46
7, 68
-78, -48
38, -14
97, -45
-86, -79
55, 49
-40, 62
-40, 67
41, 50
6, 29
44, 35
-14, 11
20, 25
42, 71
-43, -38
-53, -72
-14, -83
-5, -81
31, 100
-72, 9
-74, -70
-35, -88
-60, 13
53, 59
6, 58
80, 54
-84, -87
3, 14
-9, -86
-12, -75
-51, -4
32, 25
-74, -62
-65, 26
87, -13
82, -16
42, 73
-42, -28
72, 21
-77, -36
17, 23
-7, -75
-94, 49
86, 52
73, 57
22, -19
-13, 62
88, -76
-69, 67
-59, -73
-80, -34
-52, 1
-2, 56
-67, 19
-27, 34
87, 35
63, 95
-62, 33
-56, 36
16, 42
0, 96
-54, 69
90, 55
81, -54
-54, -47
59, 60
53, -62
-12, -76
60, 1
35, -18
59, -15
-65, -56
11, 98
26, 43
-83, 87
50, 42
9, 92
2, 57
45, -71
26, -16
-1, -82
86, 17
16, 32
-51, 93
40, -17
91, 97
-45, -72
-61, 30
21, -87
-12, 45
-13, 92
54, 49
75, -73
21, -86
21, 17
-53, 32
-29, 32
-72, -13
59, -93
-55, -36
-3, 55
17, 68
-88, -82
-20, -17
79, 32
8, 17
-36, -11
-57, 98
78, 36
-11, -86
-99, -11
58, -6
12, -15
-8, 31
1, 13
-52, -17
12, 85
-2, -39
96, 89
-55, -90
86, 82
43, -84
17, -10
26, -87
73, -81
-65, -69
-70, -23
-58, -54
47, 92
94, 45
-53, -57
54, 64
65, 27
-49, -29
-50, -86
-40, 35
12, 89
-99, -39
40, 11
96, -54
26, 43
-90, -48
15, -28
-21, -15
29, -41
50, -7
-19, -42
15, 34
-99, -65
46, -20
9, 28
89, 57
7, 29
-57, 45
-99, -18
-70, -27
10, -63
0, 55
-62, 38
84, -27
16, 78
23, 49
48, 87
-97, -13
-13, -28
85, 17
-52, 65
54, 43
-50, -91
-43, -59
-96, 35
-98, 66
-66, 87
63, 39
-28, 31
-7, -71
41, -60
38, 66
62, 39
-25, 13
59, -65
-65, 65
73, 65
78, 31
-58, -29
-85, 65
-7, -73
-9, -68
-50, -24
-22, 71
-94, -41
82, 51
-80, -46
-48, 0
-42, 24
-71, 92
41, -92
-24, 86
-13, -52
73, 50
28, -94
74, -10
52, -31
78, 14
82, 36
-10, -91
36, 15
-13, -75
88, -92
-72, -100
2, 13
50, -99
25, -81
-28, -92
-83, 10
44, 1
38, 44
-85, -15
-48, 78
-78, -73
93, 58
-78, -20
19, 46
11, 35
29, 40
10, 32
-83, -57
-36, 69
-93, 68
86, 36
-50, 1
68, -53
-56, 46
-53, -72
-86, -27
-46, -66
88, -65
-17, 74
-84, 95
82, -36
-11, 4
-8, 18
-3, 59
-72, -47
62, 63
37, 36
-65, -11
-29, -64
44, 54
65, 13
-29, 74
88, -19
14, 45
-21, 97
-22, 9
-13, -42
-15, 72
-45, 56
-78, -34
24, -44
-99, -5
17, 76
3, 36
58, -37
36, 3
-73, -63
-13, 59
-91, -37
-49, -83
15, -11
38, -98
55, 0
-72, -17
21, -72
49, 67
8, 34
31, 54
-14, 4
-44, 89
-68, -57
40, 77
12, -11
48, -23
-54, 20
-26, 3
-84, -57
-66, -95
-38, -44
-87, 92
-48, 9
30, 4
-85, 31
-26, 41
-96, -88
-61, 2
-80, 37
98, 47
62, -9
0, -8
10, 59
-91, 27
16, 27
-38, -74
6, -78
-30, 26
-80, -73
-67, 4
53, 89
-98, -19
-25, -98
-94, 80
-36, -73
35, 69
-67, -66
-93, 72
-13, 64
70, -78
72, -69
-24, -92
71, 20
-8, -13
-69, 68
-31, -92
-52, -100
34, -51
4, 5
-96, 80
53, -16
3, 86
-52, -71
45, 61
-81, -65
48, 77
-91, -88
-33, -100
-97, -74
-79, 72
94, -93
-84, 55
91, -13
59, 45
-8, 41
14, 47
19, 70
-83, 33
-36, -51
98, 9
63, 47
-53, 75
-48, -57
75, -75
-70, -71
-26, 6
-85, -98
-85, -14
7, 78
49, 42
-66, -22
32, -51
-5, 39
-43, -68
-51, -19
12, -93
70, 34
71, -71
81, -16
-4, -14
33, 9
-85, -63
-33, 46
0, -79
-2, -64
-63, 76
-47, -96
-98, -64
-48, -5
-78, 28
-92, -7
23, -75
66, -13
-100, 97
57, -97
-87, 70
65, -9
3, 61
46, -83
1, -95
-26, -46
-65, -30
-33, -75
-85, -15
23, 29
52, 48
-90, -41
-75, 48
59, -30
-67, -38
30, 34
-80, 91
92, 15
73, -47
20, 25
23, -46
-14, 15
-8, -83
-66, 28
-83, -67
57, 15
96, -33
-37, 68
-59, -25
-47, 10
-67, 26
39, 72
-96, -37
61, -69
90, -8
20, 37
-61, -5
-90, -81
46, 22
-70, -46
72, -47
-35, 4
-11, 77
-6, 57
5, -38
-29, 76
-76, -17
4, -64
83, 72
-86, -33
62, 22
99, -51
-71, -62
-33, 52
76, -60
-50, -18
-99, -49
-71, 81
-87, 71
81, 23
-8, 19
-34, -38
-23, 9
89, 48
-96, -88
2, 17
70, 10
78, 50
72, 20
89, -57
-47, 27
1, -75
98, 76
-54, -81
-30, 51
-31, -42
-20, -98
-77, -97
-52, 90
-40, -82
-45, 32
24, -15
23, 81
8, 55
11, 35
-77, 35
84, 74
9, 73
77, 14
26, 47
-29, -63
60, -91
-57, -53
-25, 62
11, -49
-3, -88
57, 19
29, -53
67, -16
-74, -36
-28, 38
81, 26
73, -39
-80, -46
80, 65
-22, 100
-68, -88
-85, 63
81, 11
16, 71
-48, -66
29, -80
-15, -93
42, 84
-63, -4
-88, 11
2, 8
87, 90
75, -89
77, 66
7, -31
86, 0
-96, -57
-76, -77
63, 62
0, 53
22, -90
-31, 36
-83, 100
-78, 64
-76, -19
92, -90
84, 48
-56, -66
35, -67
61, 56
-28, -27
-22, -51
-97, 92
-62, 51
21, -14
-35, 77
-55, 30
57, 23
20, 27
40, 9
44, -66
-76, 31
-89, 43
9, -37
74, 31
-37, 69
-68, -96
98, 37
90, 53
63, -14
-75, 89
-83, 84
-27, 62
-23, -66
20, 7
65, 94
95, -6
100, 34
-97, -74
95, 38
-41, 84
99, 28
85, 53
-11, -13
-74, -31
-21, -85
25, -71
82, -80
-3, 92
-10, 1
32, -36
-27, -85
70, 30
-8, 27
94, -46
85, 28
57, -40
-23, 32
74, 23
-10, -70
-27, -50
-59, -32
12, 99
-99, -53
-6, -28
-25, -90
-22, -26
79, 94
84, 1
23, -4
29, -68
77, -54
-66, -42
-81, -64
47, -48
-58, -85
-100, 15
-51, 55
17, -80
-27, -91
-95, 32
48, -43
69, 57
-8, 74
13, -40
29, 43
24, 3
-26, 9
75, 64
78, -21
-88, 73
34, -60
18, -14
-8, -48
14, 6
20, 44
-10, -79
56, 87
88, 11
-20, 5
28, -72
-34, 58
28, 1
91, -83
-35, -51
-84, -1
44, -23
83, 22
-42, 96
-14, -85
-67, -56
45, 65
-65, -47
-96, 43
-11, 56
-49, -95
-91, -74
73, 95
-97, -88
76, -91
-20, 15
-68, -34
68, 77
22, 83
-42, 99
-60, -83
-17, -66
81, -46
-70, -2
-95, 23
-75, 35
-71, 1
-32, -24
8, -81
93, -57
-10, 26
-44, 7
10, 85
-66, 23
-67, -25
-94, -80
39, -55
91, 86
-92, -9
-27, -55
21, -34
14, 72
-13, 54
16, 88
-63, -31
-57, -50
-86, 15
-36, -99
16, 37
53, 39
-15, 79
-18, -24
4, -3
-99, -56
-31, 58
-15, -33
24, -44
87, -69
-77, -53
-87, -94
-5, -65
-19, -94
-64, 34
-24, 17
-15, -96
-76, 0
-81, -27
-78, 71
-38, -4
3, 99
-78, 73
-95, -38
-62, -38
-57, 35
-23, 93
74, -73
-22, -34
46, -47
9, -26
30, -70
-88, -20
-83, 32
-53, -75
-5, -17
-97, -61
-73, -37
-30, -61
-14, 10
91, 96
80, -59
-2, 16
-40, 94
-4, -18
-96, -67
-22, -14
27, 83
79, -67
-70, 34
-42, 8
21, 5
-69, 69
-9, -100
-54, -42
-11, -9
75, -13
-8, -61
8, 9
-37, 94
32, -54
4, -36
34, -57
-97, -52
-16, -31
-52, 52
-6, 97
57, -1
54, -33
49, 45
72, -23
-66, 80
92, 42
-23, -82
-10, 2
-81, 7
38, 72
49, 14
-85, 29
-15, -62
-68, 8
41, 74
-17, 58
2, -58
-9, 72
9, -51
91, -67
92, -66
59, -76
68, 82
-27, 78
61, 86
-65, -2
32, -13
-50, 85
4, 52
-64, -6
-43, 2
27, -93
46, 98
48, 99
-28, 75
-4, 37
-65, 38
-32, -23
39, -88
9, 67
-64, 0
86, 98
13, 41
-41, 11
-9, -25
17, 17
28, -90
53, -45
-74, -87
-24, 30
49, -47
-60, 54
-40, 30
57, 49
58, 4
-26, -45
75, 60
-79, 57
49, -66
99, -42
-11, 20
40, 93
90, -50
-88, -45
-93, -87
-51, 72
21, 95
-92, -18
-13, -83
32, -48
-82, -80
97, -10
7, 58
15, 6
52, -83
85, 74
-96, -88
-28, 10
58, -96
-49, 3
-8, -73
-33, -14
20, 46
14, -20
80, 99
-66, -88
-88, -62
-30, 45
-62, -3
-65, 25
-73, -83
-89, 98
46, -73
61, 16
-61, 8
81, -52
-19, 35
-16, 56
30, -71
83, -79
-69, 58
50, 94
97, 94
26, -78
-64, 92
-56, 97
55, -16
-20, -40
-35, -12
-20, 14
2, 40
-85, -25
72, 5
91, 0
-24, 58
19, -39
-68, 79
2, 43
-55, -7
28, -51
-1, -72
-12, 83
4, -96
-92, -81
-73, 97
-96, -54
-48, 8
-4, -53
-14, 95
88, 4
-54, -44
-53, 64
100, 51
-66, -44
14, -14
-15, 43
-44, 6
55, 28
-84, 28
-96, -53
-15, -38
92, -2
36, 46
71, -73
-7, 7
-97, -89
-3, -26
59, -50
-61, 95
-79, -53
-66, -69
99, 84
-89, 1
8, -45
-53, -24
20, -88
87, 21
79, 8
77, -42
-63, -59
-2, -46
-98, -18
60, 50
9, 81
99, -11
87, 23
-36, -75
-62, 31
82, 42
32, -69
39, -6
31, -73
-88, 34
71, -75
73, -21
86, 75
-32, -24
26, -68
50, -27
-70, -11
-35, -51
58, -86
-8, 42
-90, 28
-32, 36
-51, 0
-34, 81
26, -17
79, 48
68, 35
-90, -77
65, 93
-22, 1
-24, -16
-9, -85
9, 71
-81, 68
-51, 92
69, -54
-9, 68
-34, 27
-15, -57
90, -30
47, 77
-97, 65
21, 36
-38, -6
68, -78
2, -6
-14, 47
-24, 56
-66, 52
32, -5
90, 10
-30, 100
-43, -53
-91, 97
84, -17
37, -73
67, -37
8, 85
-3, -62
-64, 74
13, 53
59, 69
94, -41
-9, 53
-45, -71
17, 90
27, 4
30, -50
45, -37
-81, -62
40, 54
-69, 6
-47, 11
86, -54
89, -87
27, -72
-52, 3
-82, -27
-2, 36
-24, 9
-94, 23
86, 54
-21, -32
3, -81
64, 12
63, 5
35, 17
99, 91
-2, 92
70, -46
-26, 19
-50, 37
84, -7
53, 70
-43, -68
-19, 1
-71, -54
-42, -88
58, -75
-57, 37
76, 12
-63, -92
-61, 24
30, -40
46, 33
-38, -97
60, 6
-93, 82
-61, -9
-100, 60
10, 56
100, 63
53, -88
-13, -55
-13, -16
-81, -3
-84, -55
33, -9
-79, 74
-20, 68
23, 53
-49, 90
-30, -63
9, 42
-77, 80
-40, 46
30, 11
-81, -5
17, 35
20, 18
13, -1
-98, 88
-53, -88
67, -40
6, -21
-42, 86
-29, -26
-41, -38
-67, 31
-85, 89
-54, 8
41, 36
47, -4
-18, 84
94, -39
9, -46
-97, -9
50, 82
-36, 83
28, -57
-76, 63
-89, -16
-67, -54
-6, 32
-88, -62
-77, 81
7, 89
35, 85
-65, 20
-65, -64
-100, -51
18, 43
75, -40
61, -54
23, -71
0, 11
80, 14
-71, -76
57, 78
0, 36
-36, -13
84, 95
-95, -95
79, 34
-11, 22
-20, -94
67, -29
15, 97
97, 37
-57, 23
-89, 69
-36, 6
-73, 90
-83, -72
-69, 12
-10, 9
-48, -97
-66, -45
-16, 97
-71, -38
-35, 36
-78, -82
-59, -92
77, 77
-87, -23
97, 0
-5, -44
-6, -74
98, 48
-20, -49
34, -87
24, 53
-59, -42
25, 98
-96, -99
-43, -21
-97, -60
41, -57
-60, 14
77, 48
42, -50
7, -77
-54, 79
60, -89
-98, 66
-88, -53
-96, -73
-8, -80
74, 4
-59, 93
-49, -87
11, 57
4, 0
81, -75
-14, -35
-43, -41
-67, -23
10, 78
-79, 78
42, -26
-59, -8
75, 9
0, 69
-49, 62
43, -39
-91, 42
80, 48
70, -60
24, -24
-19, -100
87, 47
-42, -38
21, -88
24, 5
47, 88
-100, 83
42, 47
-85, -84
20, -50
58, 29
41, 81
75, 11
65, -84
-76, 98
-52, -42
-16, 58
-26, 26
-17, 79
-31, 29
8, 44
48, 49
24, -38
100, -49
36, -66
-75, -84
2, -42
-25, 80
61, -2
35, 22
-62, -33
-28, -2
83, -77
-76, 14
-57, 99
-57, -93
25, -88
-66, -71
79, 56
29, 30
-64, -42
-76, 13
93, 21
65, -8
98, -83
-80, 14
5, -97
22, 67
97, -21
-27, 95
84, -94
18, 40
-43, 43
-26, 71
73, 41
-45, 63
-2, -13
-97, 53
31, 0
41, -76
-44, 80
-31, 81
80, -92
-52, 61
-95, -65
91, 38
-82, 16
-59, -66
37, -94
-68, -25
37, -43
71, 18
-88, 2
-47, 10
-4, -96
57, 10
-74, 36
-81, 35
-90, 99
-48, -23
52, -47
99, 42
65, 35
-23, 55
32, -25
-10, 33
-8, -55
-11, -70
-71, -90
14, 87
53, -23
43, -76
-8, 100
62, 66
4, -56
54, 17
-73, 95
14, -20
-75, 29
89, 55
7, 72
-18, 19
-45, 95
2, -91
34, 58
29, -17
-100, 42
-87, -91
47, -15
-13, 1
-69, -92
-29, 64
68, 38
46, 69
22, -32
4, 9
33, -79
35, 74
25, -24
-69, 13
-67, -53
-96, -11
60, 24
-42, 7
95, 63
13, -71
-88, 37
48, 85
32, -63
-18, -63
-29, 15
-90, -88
-98, 45
50, -45
100, -24
51, 84
24, 4
72, 41
98, -43
49, -51
40, -31
-65, 73
-68, 1
-48, 97
-64, -13
-48, -96
29, -100
64, 19
-72, 8
-92, 10
63, 22
14, -19
-71, -48
-7, -13
9, -64
-38, 86
-6, -16
-1, 7
-39, 18
65, 15
-32, 65
-55, 38
-89, 4
40, -35
72, -20
-16, -8
-84, 12
12, 8
70, -17
-33, -29
-3, 70
26, 20
-42, -55
53, 31
89, -25
-72, 11
-38, -35
49, 45
-68, -95
-40, -98
60, 80
23, -74
-29, -74
-14, -94
49, -36
-32, -21
-38, 93
-42, 35
69, 36
-23, 71
-69, 75
-73, 13
0, -56
-22, 36
92, -41
32, 52
0, 61
49, -22
-78, 94
-73, -75
-30, 35
-88, 4
-36, 3
71, -23
18, -70
-20, 30
11, 81
-83, -52
65, 82
23, -31
48, 32
-24, 83
69, -39
58, -77
-37, 35
62, -72
13, 29
-91, -92
100, -12
-72, -84
-100, -98
68, -91
81, -53
-79, 24
73, -91
9, 94
77, -15
-53, -19
89, 76
82, -74
66, -71
43, 62
-14, 80
-17, -47
-99, 67
45, -6
49, 75
25, -29
-84, -18
10, 50
58, 68
41, -24
61, -48
76, 1
17, 81
27, 13
-61, -45
70, 86
-30, 66
-12, -10
-77, 95
-57, -26
98, -23
-67, -30
49, -2
38, 43
6, 4
35, 72
34, 14
85, 9
-44, 20
13, -1
-24, -49
64, -84
35, -87
25, 0
58, -50
-41, -38
-29, -68
-34, -36
21, -61
91, -90
-35, 32
38, -94
11, 100
-29, 81
-41, 72
-10, 14
73, -48
7, 36
-86, 14
56, -36
-25, -99
84, -81
35, -57
-60, 84
72, -75
-67, -42
38, -35
3, 9
-45, 77
-45, -33
-45, -45
-88, -92
-83, -28
50, 25
-61, -53
75, -3
71, 59
13, -38
-33, -80
73, 22
-7, -48
6, -67
55, -68
59, -29
14, 43
-13, 57
24, -95
-19, 99
76, -64
-22, 81
9, 68
-37, 43
-4, 62
57, 76
-31, -86
-19, 31
-60, 89
-17, 48
81, 9
-80, -16
90, -9
83, -90
-47, -49
-44, 14
42, 51
10, -61
-32, -87
-64, -48
40, -57
13, -67
-58, 53
32, 25
28, 74
-17, -4
91, -41
52, -10
-52, -48
-16, -78
-40, 77
-30, -67
-26, -3
1, 37
67, 8
-50, -22
-95, -34
1, -16
-38, -19
83, -31
33, 96
-77, 36
45, 33
-63, 91
90, -10
-72, 0
27, 68
-75, -90
-71, -98
-83, -60
32, 13
64, -91
-1, 54
10, -20
-59, -57
10, -85
-69, 66
24, 88
-60, 24
100, -23
-10, 4
50, -7
37, 49
47, -88
8, 66
85, 81
7, 42
-41, -29
-32, 70
-91, -69
63, 1
56, 68
-88, 16
45, -5
-59, 31
-91, -27
-8, 3
36, -26
92, 66
-92, 23
84, -73
21, 67
-5, 19
-38, 61
46, -79
52, -88
71, -7
30, 21
6, -95
32, -39
-36, 91
-88, -94
-39, 96
3, -25
-2, 69
15, 57
-19, 53
12, -86
50, -30
-65, -34
-46, -32
98, 71
-49, 97
14, 16
-7, 65
27, 77
87, 74
-81, 17
-15, 64
-48, 23
6, 88
-40, -26
-9, -6
80, -26
70, -14
-89, 71
-64, 57
99, 33
-92, -16
24, 36
-30, -24
26, -100
14, 59
70, -88
30, -71
-95, -82
-60, -63
-36, 57
-77, 0
-81, 68
10, 3
-75, 41
-1, 99
-95, -46
71, -1
96, -28
51, 60
-63, 44
-55, 89
24, 36
32, -24
-2, 7
-100, 20
-53, 7
-94, -35
-48, -53
80, -55
-89, -12
-32, 95
79, 94
4, 33
-68, 73
-17, 12
39, -88
-70, -66
44, -41
74, 74
-62, 79
68, -99
67, 89
17, 67
-3, -46
-57, -58
55, 68
-72, -31
85, 76
33, -16
94, 68
67, -89
59, 23
-63, 43
-8, -85
82, -82
-18, 95
62, -92
79, -9
32, 3
55, 100
8, -83
-82, 86
69, -69
76, 52
10, -79
55, 84
-7, -80
-46, 84
47, 86
-83, 90
-42, 39
-46, -91
93, 75
5, 99
61, -2
-64, -66
-30, -48
93, 69
27, -91
-99, -19
-88, -35
-5, 71
97, -94
-98, -62
59, 79
30, -17
5, -31
-94, 37
-59, -20
-54, -88
3, -12
-6, 77
-42, 91
52, -73
-99, -86
-98, -50
-98, 59
57, -90
74, -77
28, 42
50, 29
45, -48
-76, -6
-34, -35
94, -31
11, 29
-1, 100
20, 56
-33, -34
-71, -20
10, -90
14, 21
-28, 67
63, -34
-8, 68
42, -50
32, 55
-15, -31
-42, -48
-29, 60
-53, -78
45, -17
-42, -18
70, -83
51, 76
-36, 67
-3, -98
27, -58
92, 76
7, -86
36, 90
72, 39
-48, 36
17, 67
-47, 28
-93, -25
18, 25
-59, 62
71, -25
-88, -34
64, 75
18, 67
46, 55
94, 57
17, -25
86, -20
-93, -27
-37, -19
-74, -46
-71, 44
64, 80
44, -74
72, -41
35, 66
-22, 67
-78, 86
-96, -8
-84, -7
-28, 20
95, -97
75, -3
69, 95
21, -15
-46, -7
29, -20
95, 19
41, -89
-26, -2
-27, 91
89, -62
97, -59
-22, 28
-73, 7
94, 81
17, 82
60, 93
67, -19
24, 57
95, 96
14, -81
48, -83
-55, -14
6, -56
-73, -41
48, -51
-40, 44
99, -72
45, -83
-19, 4
51, 93
-11, 4
99, -94
-6, -87
-91, -4
14, -31
-71, -60
-92, -11
-3, -10
-65, -43
33, -15
51, 65
70, -79
-53, 34
-90, 15
88, 31
-100, -63
-64, -16
-64, 91
40, -9
-24, 96
78, 46
38, 7
-6, 47
-51, -67
-43, -20
-28, -29
51, -32
-90, -93
48, -21
-31, 64
-81, -15
57, 9
-93, 16
64, -14
95, -47
-62, 13
57, 83
95, 100
-58, 12
27, -91
87, -52
87, -74
-11, 88
-16, -100
-54, 36
-75, 19
68, -78
-67, 3
66, 24
-47, 24
59, -13
-32, -29
72, -86
10, 37
-86, 9
7, 50
-47, -100
-35, 20
75, 78
70, 55
48, -88
-21, -84
70, -91
-60, -91
-97, 16
35, 40
-2, -52
49, 72
69, -90
-75, 23
77, -15
28, 17
30, -28
91, -38
12, -51
-55, -90
80, 39
82, -82
18, 46
79, 80
-47, -41
-31, 96
45, -75
-80, -64
81, 76
82, -33
0, 40
85, -91
-91, -6
18, 77
-8, -58
-36, 28
-79, 13
-23, 16
71, -79
16, 21
-70, -30
-6, -17
-31, -18
-57, 63
25, 79
80, 17
-58, 81
73, -76
-66, -17
34, 58
91, -56
37, 9
-87, -53
-53, 36
-84, 31
96, -70
-60, 51
-48, 99
-17, 73
-43, 44
1, -58
27, 50
-26, 15
-90, 52
25, 41
56, 6
46, -62
43, -44
-53, -51
50, 20
87, -96
-34, -51
34, 3
69, 78
-100, 43
14, -80
-41, -43
80, 34
14, -79
14, -73
4, 24
-5, 47
-59, 0
98, -73
49, -53
55, -73
-41, 29
-49, 69
97, -31
-39, 87
-9, 43
-92, -33
34, 62
-40, -92
98, -12
74, 6
-74, 7
66, 65
27, 26
46, 64
-16, 57
78, 8
82, 34
52, -58
54, -26
-46, 24
-48, -32
45, 88
57, 49
-87, 54
86, -13
-20, -54
27, 61
34, 41
96, -79
-53, -82
96, -41
-8, 27
-91, 64
21, -60
75, -86
14, -27
66, -24
-26, -23
-73, -6
79, 41
85, 51
70, 70
80, 36
64, -28
29, -19
45, 21
-16, -73
-85, -70
34, 76
-38, -57
-94, -11
-24, 89
35, 44
-24, -81
-65, -83
50, -36
66, 48
17, 24
-7, -64
86, -88
-76, 10
-84, 57
99, 36
-2, 89
77, 26
-67, -47
8, -16
76, 3
-11, -93
-16, -14
61, -49
33, -44
-98, -32
-85, -18
96, -15
50, -53
56, -42
-74, -62
-83, 61
42, 26
-43, 77
54, 48
22, 20
-58, -86
-80, 4
1, 49
-43, -68
50, -59
79, -36
-70, 46
-81, -93
74, 53
-62, -98
58, 14
-94, 17
85, 15
79, -73
-81, 93
79, 96
85, 51
-55, -11
-100, -6
83, -52
-3, 54
43, -46
-6, 42
84, 84
21, -20
2, 57
-2, 0
-18, 51
19, -45
-38, -55
49, -18
97, 1
-76, -67
16, -15
61, 64
51, -80
-52, -37
25, 81
59, 79
-97, 6
-86, -30
57, 66
60, -59
-83, -70
85, -11
-88, 40
-1, 52
22, -68
-10, -97
-58, 97
18, -75
-68, 96
22, -87
37, 73
47, 63
33, 44
49, -92
-37, 55
21, -89
15, 60
22, 2
-16, -91
-67, -71
76, 42
-66, 84
-51, -42
-43, -17
-23, -35
-36, -39
-47, 61
-3, 94
88, -36
-65, -70
-43, 82
59, 57
42, -46
21, -18
-90, -4
-8, 83
85, -76
22, 67
-11, -84
-97, -20
35, 1
-95, -59
-73, 74
49, 73
-75, 39
92, -64
65, 41
-4, -97
-11, -93
25, 60
99, -45
80, -12
22, -92
-29, 61
91, -6
-65, 26
-81, -2
-2, 71
70, 11
-11, -12
-76, 1
-42, -32
84, 24
24, -65
84, 83
-57, 97
-19, 65
70, 78
-45, -49
11, -49
-41, 58
31, 80
-39, 89
-93, 81
0, 41
-74, -35
43, -89
20, -54
-55, -66
-85, 55
-50, -38
66, -84
90, 91
45, 52
-91, 89
34, -30
-85, -78
-39, -97
22, -67
67, 67
40, -24
13, -41
-2, 56
-56, -69
21, 9
-28, -47
42, -23
39, -90
13, 82
-15, 83
77, 8
-52, 51
38, 10
59, 48
-5, -71
35, -23
96, -83
-7, 52
-97, -81
-66, 45
35, 15
76, 76
19, -77
-95, -65
-22, 55
-59, 5
29, -100
85, 36
-44, 2
-25, 5
-11, 95
30, -93
-97, -82
21, 85
80, -85
80, -8
74, -80
76, 80
-64, 71
-56, -54
-41, 93
-26, 85
40, 72
96, 98
-42, -41
-11, -6
-84, 40
-100, 42
81, 85
77, -28
43, -86
-83, -20
-38, 1
-74, -64
-57, 28
35, -75
80, 65
57, 31
-63, -49
-86, -70
-27, 28
-33, 53
85, 24
-24, -54
29, 47
80, 3
33, -38
8, 75
27, -88
-3, -89
-18, 23
-9, 11
70, 81
30, 8
61, -70
73, 71
-65, 15
74, -29
-87, -59
-84, -16
-47, 54
16, 69
-67, 61
-60, 0
10, 12
-16, 38
69, 88
79, 35
-64, 37
21, -80
-41, -84
3, 38
64, 81
27, 47
-29, 64
70, -28
50, -14
-89, -51
49, -76
62, -33
58, -61
76, 100
58, 74
61, -10
-50, 48
61, -64
-94, -65
-24, -21
-62, 2
-49, -37
-70, -68
-95, 57
66, -94
-32, -48
8, -28
-16, -8
28, 82
5, 94
-36, -56
-79, 42
-8, 67
71, -72
-16, -13
53, 21
22, -96
-71, -17
-43, -14
-17, 12
-99, 92
76, 55
33, 13
-44, -98
-83, 24
45, -48
46, -100
-83, -32
-57, -10
-31, 6
2, -82
-34, 34
-97, -88
7, -65
41, -71
-82, -79
43, -24
92, 77
85, -37
68, 34
72, -7
85, 53
21, -1
45, 41
-48, 84
-7, -70
-65, -40
2, 97
-42, -11
69, 21
31, 14
33, -90
82, -10
46, -53
-83, -95
-77, -83
-99, -56
-4, -9
51, -74
-39, -40
90, -7
-32, -20
93, -88
-29, -4
-87, -77
7, 27
-33, 31
-67, 23
-63, -77
4, -95
32, 14
-50, 3
-31, -92
71, 75
-35, 79
54, 59
61, -69
-70, 11
57, 46
-85, -7
9, 39
-41, -24
4, -72
-38, -35
7, -58
19, -4
-1, 62
-49, 49
-41, -23
84, -4
-54, 2
-27, 47
-36, 33
23, -14
-80, -2
12, 57
28, -49
33, -17
-19, -12
-50, -6
88, 54
-62, 80
-7, 59
-7, 23
-31, -36
45, -37
65, -91
36, 15
-57, -56
-7, 65
5, -92
-8, 83
90, 19
79, 73
6, -84
75, -74
-79, -49
-68, -51
64, -96
-42, 84
23, 94
91, -85
14, -51
-65, 45
68, -84
95, -51
19, 94
50, -57
-51, 28
-69, -62
-61, 48
-91, -96
-67, 50
-14, 73
-58, -27
2, -66
-90, -41
81, -12
75, 49
-79, -69
-45, 80
89, 82
71, 56
-81, -88
17, 75
96, -28
-43, -61
-43, 17
-17, 11
78, 12
-75, 87
-69, -30
79, 73
-34, -33
-71, 81
80, -52
-17, 44
-21, 93
-58, -98
-51, -18
56, 26
65, -48
100, 87
-48, -68
34, 56
-18, -44
4, -40
-36, 44
-50, 29
4, -61
71, 60
55, 0
-73, -48
-55, -13
-14, 71
-75, -52
19, 65
-6, -89
13, -13
69, 80
-29, 78
-20, -78
-41, -10
-46, 66
-42, 27
28, 57
-52, 35
-51, -12
-16, 84
-7, -5
-78, -71
-66, 74
-29, 23
38, -47
76, 63
-39, -51
9, -64
-89, -20
-16, -73
13, 97
-68, 48
-55, -19
-60, 0
24, -9
29, -51
-99, -86
-77, -91
46, 16
43, 51
-96, -37
-14, 38
-97, -9
-11, 47
68, -24
80, -75
-77, 30
-100, 53
-45, 63
20, 19
46, -53
29, -23
92, 73
-76, -26
-53, -97
-95, -69
-42, -22
21, -88
-2, 46
11, 1
-48, 40
-93, 42
-99, -82
99, -55
69, -28
71, -78
-55, -40
77, -42
-87, -79
-36, -39
-35, -41
19, -42
32, -97
85, -62
98, -58
89, -99
-87, 26
4, -31
36, -60
-61, 29
32, 82
-4, -24
-93, -75
-33, -1
-58, -62
83, -70
-35, -20
87, 10
-68, -64
-43, 68
44, 24
-53, 65
38, -22
60, -73
28, 67
-11, 76
-2, 47
64, 87
-89, 58
80, -29
-83, 87
-35, 34
88, 75
-60, 8
-55, 96
71, 49
64, -40
24, 60
-61, 59
15, -73
-100, 88
99, 15
6, 85
35, 94
39, 77
-15, 37
93, -91
-44, 29
-52, 92
46, -71
71, 14
-20, -60
48, -26
-26, -19
-21, -81
-98, -75
87, -21
36, 61
-19, 23
-91, 33
39, 63
46, -64
25, 13
16, 18
-75, -31
-32, 41
52, -18
-25, -12
69, -7
-24, -35
16, -67
62, 78
62, 16
-41, 19
-2, 94
-93, 30
-34, -90
-11, -64
67, -40
91, 100
-23, 27
-76, -1
40, -60
86, 75
18, -36
56, 87
-42, 34
27, 79
37, -98
-1, 29
-89, 2
-47, -53
-13, -70
97, -78
61, -25
50, 94
-64, 15
-84, 76
-36, -8
-53, 91
-16, -42
-54, -52
66, -27
19, -29
30, 28
81, 56
77, 87
-36, -70
2, 50
-91, -97
-88, 15
78, -45
-47, -55
27, 32
66, 93
41, 70
90, 72
-17, 38
64, -22
70, -56
-87, -81
-64, 23
46, -20
72, -90
31, -19
63, -71
91, -8
-34, 13
67, 59
-91, 44
-100, 78
22, 84
-29, 84
33, 11
31, 99
-41, 70
26, -89
-11, 59
93, 96
-71, 93
9, 7
-34, 100
-70, 5
-18, 7
-44, -43
-25, 75
-68, 100
-35, -23
0, 80
-6, 93
10, 61
-69, 63
-47, -75
-53, 49
24, -36
7, 41
53, 22
96, -93
-19, 71
-16, -50
-86, -22
-48, -69
-46, -77
21, -98
39, -41
23, 80
15, 4
54, -84
-29, -58
-54, -29
98, -10
31, 65
19, 66
-37, 27
-57, -69
-33, 17
38, 4
4, 46
88, 99
-53, -35
60, -25
-51, 12
-52, 33
-68, -86
28, -51
77, -55
89, -27
74, -75
45, -50
60, 65
78, 30
19, -61
60, -87
-55, -73
-27, -11
90, 91
12, 21
56, 19
82, -11
71, -1
-93, 81
-37, -94
-75, -79
-77, -40
26, 33
55, -29
33, 55
36, 5
98, -71
92, 68
-43, 35
88, -42
6, 92
-100, 66
45, -16
-30, -49
-87, 46
-18, -71
44, -82
-30, -32
5, -63
-12, 38
74, -33
-7, 3
74, -85
-58, 70
-36, 9
78, -62
46, 54
0, -48
62, -59
18, 8
71, 23
-67, -6
58, -71
26, 80
85, -61
-80, -51
95, 93
-13, 77
-34, 20
48, 71
-65, -41
43, 56
-58, -72
31, 98
-30, -7
-71, -62
-10, 88
-5, -100
47, 39
-42, 90
19, -61
40, 86
67, 65
-52, 69
-62, -30
-7, -65
95, -96
-9, -91
-66, -17
46, 30
81, -35
53, 81
-96, 76
-18, -59
12, -89
19, 64
80, 79
-27, 8
88, -40
56, -83
65, -75
-97, -90
56, 21
-57, 32
47, 13
-89, 34
-42, -25
44, 49
43, -55
92, 36
65, 56
74, -2
-61, -74
-23, 79
48, -79
-16, 43
73, -66
-42, -3
-3, 52
41, -75
45, -31
89, 52
37, 76
40, 85
-10, -32
33, 93
-60, 93
-13, 61
44, 38
-34, -26
-15, -44
-1, -86
64, 0
-53, -100
-26, -100
61, 20
97, 3
94, 48
49, -42
-31, -51
37, -47
-78, -67
100, 100
38, -18
-97, 62
-86, 38
4, -17
31, 8
-89, 46
84, -76
-99, -9
22, 32
-66, 81
-95, -29
-34, -54
-29, -37
11, 67
-65, -80
-51, 26
86, -68
29, -50
84, -70
-39, -58
-20, -92
-37, -42
-80, -39
24, 27
100, -86
-16, 45
96, 85
57, 93
-31, -93
-73, 39
23, 49
22, 90
-57, 68
41, 53
-64, 37
12, -86
-43, 53
-30, 32
93, 65
25, 53
-9, -42
47, -61
83, -80
-37, -91
3, -2
38, -78
26, 36
-86, 61
98, 93
31, 85
-12, -43
68, 65
88, -30
-10, 70
-24, 22
54, 97
-13, -48
82, -61
-7, -90
93, 15
14, 46
-96, -23
-81, 21
-41, -11
-23, 63
-70, 43
83, -51
-8, 0
-28, 3
-4, 33
-72, -51
-33, -10
-40, -13
39, -73
5, 30
19, -5
86, -39
49, -3
-97, 99
-6, 26
31, 81
-31, 42
88, -79
32, 31
40, -98
-66, 65
42, -37
-43, -25
-15, -19
85, -37
24, 22
75, -68
64, -38
20, -87
-62, -89
70, -40
-98, -45
-13, 98
73, -1
54, -20
41, -28
-88, 78
-70, -48
-77, 10
63, 4
-61, -11
87, -59
-26, 39
75, -26
11, 11
47, -23
80, -75
39, 67
84, 44
-91, -10
-43, -1
100, -47
38, 51
76, -90
-76, -2
-42, 33
88, 46
-19, -51
-99, 99
-19, 30
97, -72
16, -79
4, -50
50, 61
-11, -85
13, -59
67, 98
31, 64
100, 94
35, 85
-8, 33
89, -62
58, -60
49, -19
33, 77
-18, 72
-36, 68
-56, -21
89, 96
2, -37
-86, 85
-21, -91
-12, 26
19, 53
-84, 27
-51, -26
27, 56
84, -43
13, 57
7, 47
44, -82
16, -2
-22, 44
26, -73
67, -80
88, 51
-22, 48
97, -57
41, -70
22, -21
100, -37
-79, 84
18, 35
55, 51
46, -50
22, -26
-6, 44
-89, 83
43, -73
-19, -53
-22, 77
-64, -94
22, 81
-77, -42
-98, 43
69, 93
31, -50
-69, 58
39, 42
-11, 9
-20, -63
1, 33
57, -4
-47, -17
91, 57
82, -5
29, 1
29, 76
93, -60
-76, -25
-3, 59
-96, -29
79, 78
-47, 100
31, -52
63, 15
78, -55
11, 86
31, -87
-62, -84
-46, -9
64, -90
7, -90
-15, 94
-71, 72
-87, 95
12, 81
-53, 15
14, -57
72, -87
25, 68
78, 41
-36, -60
-61, -100
-18, 82
0, 98
-87, 5
93, -29
51, -6
-42, 37
58, -43
83, 52
-67, -1
44, 41
74, 99
59, 98
-98, 49
-80, 79
-11, -86
99, 42
-95, 75
-59, 31
-13, 2
-42, -45
75, -14
-65, 25
-2, -6
-76, -34
100, -70
-43, 96
-48, -69
-41, -96
24, -73
20, -90
-41, -81
31, -83
51, -69
89, -40
-80, 91
42, 34
27, -46
5, 21
38, -76
-15, 24
31, 19
-77, -39
-72, -39
13, 25
1, -82
-80, -49
22, -51
-94, 89
26, -83
36, -18
2, 19
12, 19
96, -41
63, 72
15, 88
27, 80
7, 44
-1, 76
-60, -90
-27, 50
42, 63
-88, 72
-63, 92
-52, 68
98, 24
-17, 25
-31, -97
30, -73
-6, 29
-93, 11
-14, 17
-83, 46
68, 91
49, 36
-41, 35
88, 12
-85, 29
19, -65
66, 57
-28, 25
-16, -96
68, -68
23, 14
33, 55
-11, 95
40, -75
59, 92
-12, 8
53, 18
46, 73
-93, -68
-80, -5
-90, 9
99, 66
-44, -26
79, 89
61, 69
56, -100
43, -86
-7, 19
45, -74
90, -94
-20, 33
-64, 90
39, 68
-44, 1
100, 65
14, 27
15, -86
-25, -97
7, 80
28, -15
-76, -71
5, -75
-39, 100
4, -32
57, 74
43, 4
-100, -47
88, -47
-99, 45
88, 94
-40, 76
37, -40
-98, 99
-54, 89
-39, -46
95, 84
32, -21
-98, -30
67, 84
50, -55
-59, -39
-95, -23
92, -31
46, 97
-31, 96
93, 19
-81, -19
96, -73
82, -21
-95, -63
-44, -71
82, 61
88, -62
63, -2
31, 3
-20, 72
55, 71
17, -71
89, 31
17, 6
-7, -53
-100, -11
5, 94
-21, 17
-37, -10
88, -49
37, 96
-94, -1
53, -60
54, 97
68, 33
-39, -42
-69, 74
-82, -30
28, 100
-22, 77
60, -38
-18, 46
22, 19
-44, -99
9, -3
-65, -43
46, -21
35, -20
-96, 70
12, 45
84, -87
-5, -47
25, -27
55, 42
-77, 32
61, 70
-6, -84
24, 54
-58, -78
-15, 99
-46, 42
-65, -72
-59, 65
49, 38
78, -31
-75, -32
-90, -88
-91, -45
-84, 23
-47, 36
21, 95
32, 40
7, -29
73, 78
91, 91
19, 43
55, -33
19, 78
-97, -76
-8, -50
-49, -45
57, 8
-22, -85
-64, -61
-40, 24
-92, -23
11, -28
100, 75
65, -19
-72, 42
82, -69
-16, 73
-65, -7
-45, 69
-98, -23
-58, -36
93, 4
0, -4
42, -7
6, 43
-74, -12
-77, -98
45, -78
38, -45
-18, 99
1, 37
53, 38
20, 81
74, 39
-20, 18
-5, -40
73, -26
91, -98
-81, 98
-74, -84
-64, -94
-11, 5
11, -67
-88, 10
13, -73
12, 2
18, 56
-27, -12
-59, -44
-52, -65
25, 76
-85, 22
-97, 10
-96, -35
-66, 31
-68, 84
23, 46
75, -90
59, 72
-22, -85
-20, -92
83, -9
-95, -80
42, -45
-66, 16
27, -11
39, -15
-57, -4
-50, -67
91, -64
-85, 21
73, 22
63, -94
41, -67
-31, 30
42, 37
85, 55
-92, 37
-3, 40
49, -26
-89, -25
54, -68
-58, -31
-80, -98
-34, 28
28, -73
-76, 71
-90, 55
-88, 75
-47, -15
53, -17
29, -85
3, -37
-8, 42
49, -44
-43, -29
12, -78
-16, 70
98, 67
-68, 98
50, -28
12, 74
-57, -6
79, 100
60, -51
83, 81
-6, -95
44, -24
70, 4
3, 69
-22, -23
45, 86
-66, 26
-55, -3
55, -60
-63, 39
15, -20
97, -78
86, 21
47, 86
-82, -67
-65, -73
72, -8
-99, 51
-6, 4
-49, 62
7, -26
32, 83
-84, -71
-59, -74
21, 96
-72, 21
-68, 49
-99, 34
-48, 47
-68, 42
-71, -35
18, -67
85, -11
49, 59
-94, -75
-72, -45
-68, 31
-25, 32
65, 49
-45, -18
-92, -77
17, -77
-82, 50
69, -29
-28, 65
-28, -13
-65, 92
100, -77
-84, -95
-2, 76
57, 12
-17, -29
-37, 88
93, -59
50, -83
13, -27
-50, 90
-58, -84
-50, -15
51, -72
-58, 72
-38, 2
-79, -89
8, 19
-3, -56
-63, -68
8, -2
21, -42
-1, -28
-55, 97
-93, 43
-44, 69
54, -56
-27, 63
14, 94
17, -25
20, 17
18, 73
-14, 0
-53, -20
22, -35
-31, 27
32, 5
-24, -1
0, 74
99, 56
-16, -39
91, 85
29, -9
-79, 93
97, 57
99, 51
11, -92
-11, 79
-22, -50
-94, -88
-51, 94
20, -55
41, -38
-51, 37
28, -16
-61, 20
-94, -15
-39, -85
80, -37
-10, 26
-14, 80
-93, -42
-51, 93
33, -5
91, 65
-24, 28
42, -31
-24, -56
-29, 58
-76, -11
69, -23
-64, 97
-14, 11
95, 23
35, -23
24, -21
36, -4
29, -48
-63, -31
-84, 55
1, -86
-88, 42
61, -37
-31, 81
-22, 98
-48, -19
45, -56
40, -52
-47, -32
-42, 76
-23, -31
-14, 74
-36, 56
-21, -35
47, 73
33, -59
56, 36
33, 91
-47, 5
-19, -68
20, -6
74, -5
51, 19
83, -52
-17, -32
-30, -65
-66, 23
51, 8
80, 74
72, -26
10, -97
16, -95
-95, 40
20, -91
-44, -26
75, -24
25, 49
37, -4
-86, -1
-58, -98
45, -52
-83, -46
-89, -55
-62, 90
99, 11
-95, 28
-95, -40
37, -91
85, -88
-53, 21
-75, -61
-62, -37
-83, 39
7, -15
-56, -93
59, 44
-97, 30
-31, 96
-57, -59
-19, -73
31, -36
-26, -2
-58, 53
-96, 79
-98, -14
61, -91
-83, 60
17, 62
-36, -50
18, -86
-5, 45
-85, -36
-39, 22
7, -97
6, 59
-55, 2
0, 97
83, 68
-38, 62
-65, 25
64, 30
10, -52
10, -48
40, 79
9, 99
-63, 86
-77, 65
30, -89
-4, 11
-12, -72
-42, -87
-86, 71
56, 79
-14, 30
-70, -35
38, 73
79, 42
-89, -48
34, -4
-24, 5
89, 37
12, 94
12, -29
28, 47
29, 92
-58, -97
-86, 27
-36, 3
-40, -65
-32, 45
-6, -37
20, -47
55, -87
52, 29
-38, -14
-75, -86
-24, 4
-84, 79
-14, -2
-56, -46
77, 58
-65, -36
-47, 79
-92, -36
50, -40
-42, -100
-71, 54
54, 54
-38, 91
-28, 2
66, -92
23, -60
-35, 95
86, -48
-1, 81
30, -70
10, -99
-65, 15
40, 60
14, 86
72, -48
53, -4
44, -59
51, 58
-36, 2
-70, 83
14, 78
19, 56
91, -87
84, 20
18, -99
-1, 60
-18, 35
-61, -69
73, 0
-36, 41
76, -25
78, -95
18, 52
94, -9
-48, 37
-93, 4
-59, 47
58, -78
-37, -58
67, 24
82, 62
-10, 60
-68, -3
-96, 100
-12, 41
-4, 92
94, -72
69, -68
-60, 81
55, -37
95, 98
-83, -78
-12, -29
-92, 63
81, 22
-14, 1
-53, -16
-4, 56
-27, -93
-67, 26
19, -91
49, -74
32, 62
-32, -95
28, 13
47, -73
-32, -100
24, -14
-95, 18
36, -70
11, 38
86, 9
60, 32
9, 48
-28, 46
-81, 15
35, -39
-87, -55
47, -40
97, -39
53, -83
-48, -35
42, -63
62, -37
-84, 56
-83, -28
69, 87
-68, -7
-6, 86
-100, 29
-5, -14
-95, 30
-80, 68
92, 35
79, 18
19, -25
16, 40
13, -69
-70, 50
15, -62
84, 3
-81, 21
-8, -15
49, -81
56, 27
-8, -49
-88, -48
-52, 38
-45, 26
-40, -64
-74, 16
-54, 87
-21, -35
-62, 42
-65, -37
20, -39
68, 95
16, -4
92, 47
72, 31
41, 13
-48, -98
68, 18
-76, -100
58, 0
-35, 61
65, -65
10, -44
93, -58
0, 6
-73, -60
68, 97
81, 60
57, 39
-68, -90
-17, 4
58, 41
54, 59
-79, -59
-1, 56
-92, 46
50, -82
87, 85
60, -3
-44, -52
75, 42
48, 91
-76, -64
81, -41
66, -42
9, 44
-85, 88
87, -94
28, -16
-15, -1
45, -70
-10, -69
90, 73
-7, -98
12, 3
96, 61
53, 99
-23, 98
35, -61
68, 37
86, -46
-6, -59
-25, -88
97, 47
-46, 63
-11, -55
-2, 42
-7, 15
-33, 50
28, -35
-86, -90
85, 9
-79, -17
24, 26
31, 86
17, -72
9, 26
-61, 88
-66, -85
-78, 40
52, 97
-89, -12
82, 57
-98, 18
67, -7
-94, 69
-36, -71
40, -88
-22, 75
-81, 44
-67, 48
92, -87
98, 25
-78, -95
91, 61
-78, 58
-45, 63
58, 23
94, -1
80, 24
-35, -39
-48, 23
81, 22
-40, -96
64, 84
52, -18
-55, -14
-55, 83
-41, 3
-15, -35
-10, 60
-73, 21
-8, 53
-19, -37
21, -72
-10, -25
61, -92
-13, -45
42, -90
-49, -44
97, 55
39, 20
-11, 58
47, -75
1, -27
-33, 45
15, -53
77, 63
-36, 86
-32, -91
41, 62
-45, -86
-55, -9
65, -87
78, -24
83, 67
11, 1
-48, -23
69, 70
76, -33
-34, -52
57, 89
6, -77
91, 87
-78, 49
-91, 15
48, 90
97, -30
-75, -58
-1, 8
21, -13
44, 22
-63, -70
99, -5
-24, -76
-92, 34
-13, -43
46, -38
-2, 92
27, 55
-69, 28
-59, -100
11, 39
69, -26
33, 89
75, 70
-29, 6
98, -89
97, -33
59, -79
19, -90
73, 31
34, -29
72, -44
-88, 42
10, -34
-78, 93
73, -91
-60, -83
-38, -51
21, 25
90, 9
17, 68
-60, -43
-1, 64
-15, -38
90, 43
81, 82
93, -16
94, 55
85, 99
81, -30
81, -54
-24, -5
-66, 55
-55, 49
-24, -40
-74, 55
40, 66
28, 26
-38, 73
-72, -22
38, 17
15, 31
-40, -34
-1, 77
51, -44
-78, -2
-62, 14
-4, -4
-79, 7
-88, 52
91, 56
-94, 3
-86, 36
23, -36
3, 21
84, -59
71, 8
-74, -54
85, -29
52, 36
57, 98
81, -66
92, -74
-82, -82
-66, -67
-76, 96
-26, 32
59, 62
43, 42
53, -36
-83, -81
-82, -7
-26, -65
-42, -97
-65, -57
57, -82
79, -29
56, 61
21, 3
6, -99
87, 98
40, 40
-55, 61
26, 93
20, -72
-97, -27
-47, 23
0, -56
-92, -66
9, -27
-37, -7
70, 25
6, 65
-61, -80
-82, -31
89, -41
-57, 87
87, 35
10, 45
70, -62
-71, -35
-71, 26
-95, 52
33, -2
-69, 64
14, -82
14, -31
-4, 68
-98, 88
-64, -31
44, -51
85, 95
-56, 77
-73, -67
1, -46
-20, -18
80, -49
-20, -73
38, 39
28, 36
-65, -18
-52, -91
19, 21
-24, -38
-99, 46
-25, -47
-36, -9
43, -55
-72, -58
100, 89
82, -100
59, -55
-93, 3
79, 22
72, 58
83, 90
47, 64
71, -40
-34, 81
64, -16
42, -65
63, -11
-60, -73
94, -72
69, 8
31, -100
1, -11
-59, -71
85, 44
42, 43
-24, 76
-63, -77
28, 61
38, 32
-28, 27
-46, -25
-4, 58
53, -20
37, 75
-36, -63
-68, -92
64, -62
92, 42
53, -17
62, -70
2, -2
13, 14
0, 90
-24, 12
92, 62
-18, -82
47, -94
-42, -80
-20, -74
36, 62
-6, 29
2, -40
-48, 3
-82, -80
11, 19
92, 31
-92, 12
9, 7
-75, -84
-96, -28
-94, 68
-56, 28
86, 48
2, -13
-93, -10
2, -62
-78, -26
-40, -27
5, -36
2, -72
-50, -54
23, -21
-73, -54
-63, -45
45, -50
-18, 53
-77, 11
-54, 91
61, -32
-43, -91
-77, -25
71, 29
70, -21
-69, 49
-10, -70
-43, 6
-100, -89
25, 65
81, 42
-56, 90
-44, -54
-50, 88
96, -85
88, -83
32, 60
27, 18
-23, 80
16, 8
-85, 68
-58, -52
-92, -75
29, 54
29, 26
2, 20
-90, 26
-94, 55
-3, 24
-2, -47
78, -85
-73, 82
-4, -1
-28, -47
-50, -39
-12, 37
-25, 95
80, 21
-35, -96
-68, -92
32, -20
-2, 25
-69, 81
-36, 81
1, 77
76, 97
-62, 51
-79, 39
-51, 42
-59, -22
-82, 81
20, 80
-97, 10
-21, 62
-92, -14
-93, -30
19, 8
-86, -44
19, -25
-91, 40
-33, -8
4, -7
62, 0
71, 51
-28, -11
16, 22
-13, 6
77, -97
35, 86
81, -56
-90, -61
-78, 9
-62, -91
38, -73
37, 67
75, -54
-94, 9
85, 95
90, 83
-86, 1
-55, -24
-41, 57
-75, 21
32, 66
-79, 48
0, 26
37, -77
-49, -89
-21, 37
72, -66
-90, -30
8, 84
63, -72
43, -39
87, 28
-41, -48
-13, -1
88, -65
74, 49
43, 77
66, -35
77, -90
-43, -65
-75, -91
3, 19
31, 22
-84, 64
63, 0
-55, 14
73, 18
-95, -4
-3, -36
-21, -71
59, 75
100, -85
81, 37
16, 72
-33, -50
-28, -95
-73, 37
-28, -67
-96, -99
25, -29
75, -57
-86, -9
-47, 27
12, -90
67, 89
-71, -27
-71, 8
88, -81
67, -56
45, 74
15, -2
72, -40
-4, 79
-38, -75
-41, 34
78, 50
19, 99
-69, 1
-46, -1
-10, 20
66, -78
62, -89
-8, 38
-20, 46
-18, -7
28, -24
-33, 16
6, 85
29, -11
-1, 75
-48, -45
86, 66
-80, -89
68, -12
78, 12
-61, 87
-74, -9
-38, 90
85, -31
-39, -22
2, 79
-63, -50
54, -86
57, 15
71, 55
47, 10
-50, -89
-20, 23
89, -56
99, 11
85, -56
-4, 31
-11, -87
66, 2
-32, 84
38, -55
-18, -95
-77, -86
22, -42
-20, -43
-30, 82
29, 32
45, -28
21, -90
86, 82
-94, 34
37, 64
84, 12
-26, -26
-69, -68
62, 1
-1, 78
88, 20
10, 54
-89, 15
41, 3
45, -78
86, -43
-45, -68
75, -83
-69, 82
28, -21
44, 41
6, -68
81, -61
-30, 15
-61, -90
16, -41
91, -31
-68, 47
80, -81
-31, -96
-36, -40
-44, -42
-77, 91
26, 100
91, -9
-57, 8
-70, -49
21, -85
-54, -49
-82, -87
-90, 49
48, -87
54, -23
-46, -80
27, 56
-87, 79
93, -18
39, 75
2, 27
18, 14
48, 1
87, -27
23, -7
-50, -74
23, 41
74, -28
-5, -83
37, -48
0, -74
-34, -84
78, 26
-55, 26
-44, 51
48, -69
-62, -53
97, 3
100, 44
-47, 60
-79, 22
80, -7
15, -84
-8, 88
-36, 32
-72, -88
-52, 13
-81, -62
-34, 19
81, -25
53, 72
-65, -45
-9, -80
-45, -72
-44, 99
-5, 28
-4, 51
-29, -30
-30, 77
-82, 56
-36, -53
-3, -66
-4, 55
89, 14
13, 91
36, 58
-66, -5
78, -25
16, 70
-79, -74
76, 69
84, 58
82, -68
53, 96
88, -40
-91, -98
-87, 96
52, 55
88, -89
67, 0
97, 17
-68, -53
68, 52
-33, 33
-37, -96
-4, -46
-49, -83
-15, 11
58, 95
55, 28
17, 59
-61, 3
-74, 64
41, -43
61, 40
74, 96
-57, 51
40, -82
40, -99
27, 85
-8, -12
-46, -97
-36, -45
91, -53
-36, -14
2, 9
-64, 71
33, 51
-23, 74
-80, 67
54, 17
70, -12
-72, 64
48, -25
20, -67
24, -18
-77, 93
92, -8
63, 39
-85, -82
62, 24
-3, -11
77, -94
71, 6
-92, 76
23, -3
19, -96
81, -47
-1, -76
-47, -64
67, 14
-53, -97
35, -39
88, -3
25, 52
48, 54
-95, -47
-44, 57
-16, 90
44, -75
-7, 42
-40, -55
-24, -27
-54, 88
-21, -25
73, -53
-79, -8
-86, -29
-51, -86
-31, -42
0, -26
12, 69
-83, 23
-39, -26
-74, -61
-11, -42
-71, -66
9, 57
-10, 42
-37, 100
-39, -81
57, 100
9, -45
10, -81
19, 39
-92, 27
84, -27
24, 24
21, -8
85, 50
-75, 13
-61, -84
95, -70
12, -10
-31, -22
-64, 70
45, 30
90, -23
-69, 46
-87, 9
-95, -23
-82, 56
75, 82
29, 40
56, 32
-74, 4
-75, 22
54, -96
98, 19
23, -67
93, -21
68, 40
-33, -16
-30, 78
-8, -19
-86, -26
-42, 83
80, 64
87, 47
-49, -67
-80, -32
-47, -31
-22, -92
19, -67
-30, 1
-72, 6
-33, -20
4, -30
-9, -65
25, -59
-75, -42
-3, -2
-90, 81
100, 92
-49, -33
58, 63
90, -35
37, 42
60, 32
30, 59
-39, -96
55, -61
78, -37
15, 37
74, 1
-27, -15
25, -24
-85, -19
-86, -14
52, -67
-33, -44
50, 82
-75, 26
-88, 69
97, -49
-35, 0
-29, 96
83, -57
0, -17
6, 38
-41, -86
89, 84
-89, -38
28, 90
6, -54
-75, 4
51, -75
-73, -72
-46, -52
71, -33
0, -42
44, 25
-88, 45
48, 87
21, -32
40, 47
-27, 46
-47, 65
-38, 76
-70, 37
91, -61
-58, -52
88, -82
2, 53
-48, 63
-88, -69
65, 8
58, -76
-45, -38
-93, -12
85, -49
-33, -7
83, -99
-54, 12
-89, -92
-7, -7
95, -68
87, -83
39, -34
-81, -90
-53, 10
0, -62
-98, 18
-39, 31
64, 13
-62, 7
28, -95
-17, 10
-33, -58
97, 72
47, 90
13, 54
-72, -47
26, -65
24, 49
39, -64
-64, 97
-78, 23
2, 38
-95, -44
-88, -89
-89, -93
6, 84
-98, -33
-31, 4
-2, -48
-17, 66
75, 81
-31, -67
-15, 17
96, 27
59, 5
72, -55
-95, -78
36, 50
74, 7
21, 46
-100, 19
-69, 96
-4, -8
-2, 74
-18, 57
61, 79
31, 66
18, 62
-82, -74
-82, 94
-5, -6
-1, -4
-91, -76
-20, 54
65, 86
-38, 80
2, -81
40, -37
69, 68
-89, 13
-40, -79
-38, 87
-61, -15
26, -54
-4, 75
-31, 84
12, 73
9, 6
32, 76
77, -67
-66, 47
38, -34
12, 58
37, 34
-39, -43
-27, 93
26, 61
-21, -58
-26, -43
29, 53
-58, 18
-26, 5
-97, 80
-71, -83
29, -23
-15, -24
-82, 13
5, -44
-16, -94
50, -49
82, 69
-63, 52
-3, 37
43, 99
2, 6
5, 57
76, -46
46, -58
-7, -87
45, -44
-55, 99
77, -16
-37, -50
67, 62
-34, -6
35, -5
-70, -84
7, -81
19, -39
-81, 86
-4, -40
-19, 58
55, -78
-98, -13
-72, -92
-29, 75
-25, 69
4, -87
33, -54
52, 92
28, 32
33, 58
95, 60
-60, -67
-97, 45
-18, -50
25, 67
53, 53
16, 10
-9, -57
68, -72
-41, 72
-60, 11
77, 72
38, 2
-28, -39
57, 74
69, 37
72, 47
-99, -65
39, 64
-97, 89
-75, -97
53, -50
67, -33
57, -46
-50, -2
-22, 36
54, -1
-87, -57
-100, 2
31, 42
-50, -54
-14, 37
19, -45
-77, -47
-31, -83
47, 77
49, -35
2, 28
-51, 75
52, -69
89, -100
-95, 73
37, 2
-16, -89
-81, -83
87, -40
76, 43
90, 60
-39, -57
84, 40
-43, -64
44, -1
23, -8
-46, 70
-73, -63
-61, 8
49, 51
-61, -42
21, -83
59, -95
-20, -51
-4, 20
-11, -47
12, 85
-74, 11
-56, 68
30, -96
25, -92
99, -17
11, 2
11, -3
17, -4
54, 22
38, -46
-62, -3
-12, -88
-23, 72
29, -21
9, -44
-75, 28
-11, 22
-82, -21
-53, -2
41, 25
-21, -13
-9, 47
-59, -1
-95, -22
53, 76
39, 28
62, -24
-54, -34
78, -98
81, 27
64, 26
-25, -85
11, 77
-57, -16
-41, 73
-25, 32
-29, -78
52, 93
37, 89
-53, 35
33, 56
100, 47
18, -61
85, 98
-99, 100
36, -3
-81, 21
86, 31
-92, 15
39, 50
-62, 40
50, 17
48, 0
16, 68
-76, -76
89, -61
60, 12
-92, 31
-28, -46
18, -37
29, -47
-52, -88
-93, 23
-4, 38
53, 80
76, -84
-24, 2
-17, 31
-84, 21
16, -39
-37, -96
21, -33
-78, -95
21, -56
-36, 25
52, 1
61, -59
27, 82
62, -55
-19, -38
5, 10
-66, 15
38, 60
-53, 84
-15, 97
9, 24
-30, -38
96, -75
73, -22
-14, 61
12, -94
-31, 67
80, -81
35, -75
17, 0
58, -66
-82, -41
-14, 38
45, -32
4, 75
-28, 92
80, 18
-72, -97
83, -54
-33, 72
-16, -96
-39, -44
-92, 70
10, -56
-9, 31
-66, -14
26, 70
26, -79
68, -82
-79, -2
46, 19
95, 97
36, -35
75, 39
59, -84
98, -76
-21, -70
-71, 96
-40, 98
99, 5
55, 4
-12, 19
-82, 50
-84, 74
36, -61
57, 72
55, 49
-10, 14
-78, 73
40, 53
-58, 17
55, 62
-54, 58
37, 9
24, -48
100, 79
48, 72
-54, -57
-13, -9
100, -1
-2, -68
28, 88
12, 96
-35, 76
53, 8
98, 83
87, 18
17, -61
50, 38
61, 5
5, -56
52, 10
-57, 12
12, 11
78, -32
-3, -53
88, 12
-68, 86
-75, 25
7, -72
-63, 41
29, -21
0, -2
98, -9
-62, 63
-4, 44
-97, -34
-84, -36
57, 57
-14, -14
-95, -74
47, -51
-4, -84
88, 3
67, -9
18, 67
88, 71
21, -32
-42, 8
66, -30
-22, 98
-45, -61
76, -77
-100, 16
-98, -26
37, -81
-51, -8
-77, -32
-13, -89
46, 25
-50, 54
7, -6
-52, -80
-89, 38
89, 86
-12, -34
-1, 74
-16, -31
-39, -56
36, 99
-52, 30
36, -73
69, 38
-50, -16
95, 91
54, -63
74, -17
-60, -33
-38, -40
-32, -60
50, -44
54, 86
-89, -68
94, 5
-61, 95
-15, -46
50, 49
-53, 92
7, -39
74, -54
-33, 53
70, 19
40, 0
70, -23
2, -24
58, 19
15, -56
-57, -83
30, -87
-33, -36
83, -87
22, 15
-69, 40
-60, 11
-73, -72
-56, -60
6, 94
42, 59
67, 43
98, 12
57, -54
-24, -82
-86, -73
3, -45
-88, -41
11, -27
0, -37
99, 12
-32, -64
-64, 90
38, 27
-39, 83
-19, -41
-32, 72
47, 40
0, -82
-47, -70
55, 73
-69, -78
-26, 87
50, 94
-89, 100
-47, 50
40, -85
6, 85
80, -67
41, 68
13, -25
-86, -43
94, 15
-71, 51
-29, -98
-89, -20
-66, -3
-66, 63
94, -53
50, 42
-14, 19
32, -46
-47, 19
10, 37
-63, 86
-99, -80
-12, -56
-94, -35
-42, -65
-72, -49
-77, 47
-23, 81
88, 53
-79, 52
-45, 69
40, -70
-29, -47
24, 36
59, 26
-8, -44
-19, -53
55, -56
11, -21
-53, -60
20, -41
-62, -82
-65, -99
74, -43
32, -73
-50, -11
32, -88
-30, 7
74, 29
-58, 78
-91, 94
73, -93
14, -85
-39, -60
-63, -88
100, 39
84, -96
98, -22
65, -11
67, 46
-64, -82
-85, 9
-53, -44
-65, 71
72, -37
87, 3
43, 62
71, -48
-82, 91
3, -28
88, -7
-27, 93
30, 5
32, 72
87, 14
-100, 65
86, 45
-86, 49
-46, 47
76, -16
46, -75
23, 14
63, -38
-43, 41
-17, 19
80, -79
35, -27
71, -17
33, 92
-26, -83
67, 93
89, -23
-73, -46
91, 3
27, -8
-81, 73
-69, 2
99, 47
50, -80
-1, 73
-88, 87
-98, 57
49, 71
-52, 24
81, 95
70, 43
-13, 46
-36, -5
-10, 26
-15, -8
-70, -8
66, 7
87, -45
-29, -94
-12, 32
-88, 38
-58, -88
-18, 84
39, 41
-34, 42
5, -84
-21, 0
-72, 13
67, 41
2, 74
2, -4
-66, 22
-53, 62
37, 16
-54, -27
99, -15
-99, -3
45, -61
88, 78
58, 65
30, -82
33, 7
97, -52
-67, -38
-99, 71
28, -80
-15, 61
-14, 5
54, 35
-25, 85
-48, -4
-24, -52
-78, 52
6, 29
-31, -48
10, 64
78, -88
29, -14
-29, -89
-34, -57
-98, -89
-56, 3
-58, -51
10, 25
24, -69
100, 83
-2, 32
-79, 30
-73, 69
-73, -34
-78, 96
-42, 7
-74, -58
64, -92
-2, -49
-47, 70
-86, -88
-39, -89
79, -34
-17, 90
74, 97
-97, -24
-61, -47
82, -43
-27, -58
-71, 20
-75, 83
13, -86
67, -20
29, -24
-32, 0
-55, -71
-70, 89
70, -4
87, 40
52, 87
83, -34
77, -69
90, 9
-17, 85
-40, -45
76, -92
-47, 97
-99, -90
-3, 35
-55, -97
83, 79
-79, -94
-54, -39
-81, 4
-98, -92
66, 90
4, -45
72, 40
-48, -51
30, -66
92, -73
-49, -56
3, 62
92, 3
64, -29
31, -66
14, -25
82, -65
-83, 28
-68, -5
-2, -33
20, -33
36, -49
28, -42
12, -88
-59, -41
-29, 73
15, 33
-25, 22
-73, 48
-77, -100
-12, 62
-82, 66
-28, -75
45, -75
-79, -82
77, 83
36, 79
-89, -5
-6, -23
48, -50
77, -57
-48, 40
-37, 67
-90, 93
19, 32
-20, 64
78, -41
-82, -72
-68, 69
-77, 29
-81, -4
53, 49
-80, -43
61, -37
87, -28
-38, -63
70, 93
-26, 31
36, -89
-52, -69
-9, 28
-14, -51
-92, -26
47, 38
-29, 16
