9000
-35, -45
58, -76
25, 40
52, -7
-41, 91
-28, 89
-69, -51
89, -64
-17, -87
10, -47
-83, 39
-58, 91
4, 44
-19, 64
42, 78
-22, 72
-44, -78
-70, -18
17, -6
-89, -74
69, -69
-29, -23
12, 50
-62, 68
13, 34
-88, -20
-56, -100
19, -54
-85, 71
34, -7
6, -1
-76, 38
80, -26
27, -99
-5, 42
-82, 93
-99, 41
-48, -53
-100, -78
-33, 12
22, -71
87, -93
34, 66
-6, -48
-30, -62
37, -21
-70, -63
62, -1
-98, -93
29, 45
18, -21
76, -6
-34, 17
-82, -39
-71, 19
-45, -24
44, 51
-33, 97
6, 98
22, -48
-55, 73
74, 50
24, 16
67, 24
32, 5
-71, 37
26, 84
-6, -58
-83, 87
26, 0
44, -82
63, -50
58, -48
-98, -94
11, 74
-97, 13
23, 59
83, -73
18, -53
-51, 70
-60, 75
-100, 30
100, -53
-82, 79
-97, -32
4, 70
-47, 49
6, -7
-29, -20
-60, -29
65, -16
6, -52
69, 12
50, -40
-64, 56
-90, 0
80, -73
-4, -7
-71, -46
-29, -39
2, -98
32, -60
18, 45
61, 46
66, 63
72, 43
59, 98
-81, -15
66, 62
-73, 55
29, -73
3, 58
-16, 43
3, 77
32, -92
63, -65
41, 76
14, -93
-31, -4
52, 91
95, 63
3, 18
6, 64
-70, 21
39, 46
100, -27
-72, -19
-50, 23
-98, 35
18, 95
-39, 84
84, -96
53, -44
-28, 93
77, -19
-100, -57
-87, -19
81, 10
-25, 16
-31, 84
-6, -48
-91, -24
90, 36
100, -42
18, -94
68, -52
-38, -57
96, 25
97, -17
-10, -46
76, -96
29, -59
-42, -71
-75, 5
-71, 80
-74, -17
20, -42
47, -57
56, -47
77, 29
-60, -68
-23, 89
-74, -22
-52, 74
-81, 49
-77, -39
99, 20
24, -54
90, -9
21, -30
-82, 28
31, -13
-10, -63
70, -92
-98, -30
-15, 67
-36, 59
-53, -79
-8, -9
-29, -10
59, -54
-37, 88
-43, -65
84, -34
-46, -38
-28, -90
98, 11
1, 1
40, 32
16, 42
-3, -94
-29, -78
38, -74
-37, -88
-68, 23
5, -43
22, 39
92, 51
22, 47
-96, 1
42, 60
-34, -47
67, 85
89, 100
-21, -4
0, 33
22, -55
78, 69
-34, -2
-41, -38
7, 13
-24, 45
-64, 40
34, -24
-55, 64
-44, 44
-3, 36
-13, -98
-63, 60
7, 34
-54, 80
-87, 77
-1, -27
-33, 5
0, -59
71, -2
79, 0
13, 79
70, -81
-30, 54
18, 59
10, -50
76, -30
-34, 73
-91, -48
96, 6
42, 14
-55, -25
-55, 23
-20, 85
-62, 45
6, -99
-12, 81
-6, 97
-81, 20
-6, 5
54, 23
-6, -90
96, 0
-43, 32
67, -10
46, -96
-3, 17
-53, 86
-42, 55
15, 45
-17, -6
-5, -53
27, 72
-5, 52
-9, -58
7, -86
-53, 82
84, -99
70, 87
6, 18
-33, -87
-86, 90
12, 41
-63, -11
74, -24
62, -18
-86, 0
11, -85
9, -1
47, -79
76, 30
-5, 38
-58, 58
-38, 91
-51, 15
-4, -87
-49, 87
-86, 79
9, 1
98, -19
-18, -40
20, -16
-15, 60
-49, 27
11, -58
-21, -23
-84, 28
-56, -34
-16, -46
-43, 28
26, 97
28, -68
-52, 60
97, -63
75, 84
83, -47
-74, 3
98, -92
46, 28
68, -82
-11, 12
-54, 19
-26, -66
50, 70
58, -9
-98, 58
-29, -9
-29, 15
82, 41
-21, -13
-2, 36
-67, -22
-46, -74
2, -15
85, 51
-7, 84
-72, 68
62, -48
6, -48
0, 28
41, -50
97, -42
-19, 95
92, -38
58, 20
67, -46
67, -79
-54, -34
-27, -24
-80, 78
-11, 37
-40, -58
19, -23
69, -39
-51, 82
-67, 85
-74, 68
77, 14
3, -59
65, -36
50, -69
-83, -6
-81, -66
-6, 38
86, -99
-54, 73
58, -51
74, -38
22, 64
62, -60
-2, 93
-91, -54
-40, -96
23, -99
15, 58
-48, 82
14, -18
-89, -17
69, 2
13, -30
8, 24
29, 100
99, -96
71, 5
-7, -46
30, -80
28, -99
86, 19
52, -76
38, 99
18, 48
60, 75
-3, -24
77, -50
20, -63
32, -64
9, -33
-2, -22
-90, 67
1, 21
91, 78
60, 6
64, 26
-81, -60
43, 62
-86, 10
-40, 26
15, -85
49, 59
13, -65
-99, 69
8, -20
57, 1
71, -63
-92, 43
-11, 60
-9, -60
-95, 90
-78, 79
-40, -89
-55, 58
-14, 37
66, -79
78, 37
32, 36
32, -20
-44, 52
34, 28
-95, 95
-42, 8
5, 8
-48, -59
-68, -95
49, 27
-43, -8
9, 52
-30, -99
96, -41
-79, 93
-99, 48
-32, 51
-76, -94
20, -92
-94, 61
7, -38
8, 19
-9, -12
75, -38
38, -9
73, 41
67, -55
-13, 72
-32, 41
54, 22
-19, -85
-41, 19
55, 97
-33, -54
28, 84
88, 63
-39, -56
-40, 64
8, -27
71, 2
24, 89
44, -11
-54, 17
-90, -21
-14, -90
73, -10
91, -79
7, 35
-21, 41
-11, 30
43, 70
54, 5
-12, -80
82, 10
93, 80
21, -57
-21, 83
-49, 6
-17, 68
88, 9
90, -98
77, 21
-23, -1
38, -93
-19, -17
-92, -34
-94, -75
-57, 39
-65, -68
19, 2
7, 35
67, -90
50, -82
64, -29
87, 36
19, 68
65, -82
10, -4
63, 70
-94, -34
-72, 21
18, 97
-42, -25
0, 74
60, -63
-49, -88
73, 14
6, -74
17, -65
31, -54
44, 7
93, -27
-56, 28
8, 11
4, -14
58, -69
-44, 63
5, 84
8, -44
-90, -33
22, 10
-7, -18
27, 44
3, 42
98, 22
93, -6
-83, -43
78, -53
-15, -95
-36, 12
-12, 48
54, -22
-25, -54
-88, -4
84, 14
-21, -34
-75, -67
-12, -62
-16, 9
9, -66
-40, 40
-99, 3
-85, -89
29, 70
4, 91
-5, -41
-18, 100
-90, 43
-95, -17
81, 57
21, -11
-53, -98
-33, -2
66, 11
13, 17
-24, 4
-84, 43
41, -34
17, 92
13, 74
78, -47
27, 23
-92, -88
-77, -35
-87, -6
39, -8
-56, 84
36, -22
85, 37
90, 30
37, -59
-88, -94
29, 38
-18, -9
-67, -86
28, -29
97, 10
-13, -100
-79, 92
-18, 10
-16, 18
-4, 15
84, 22
-81, 73
-97, -84
15, -65
26, 46
-71, -73
-90, 58
70, 93
-26, -39
-62, -37
-38, 86
-34, -73
-90, 33
-95, -48
-31, 18
-8, -96
-88, 1
-86, 68
56, -78
72, -73
-53, -89
-72, 0
34, 99
13, -9
-35, -100
-40, -78
75, 81
-39, 23
57, -29
-12, -41
24, 57
-62, 1
-43, 50
85, 15
36, -10
41, 8
53, 22
-30, 92
-89, 85
-28, 92
-47, -78
6, -75
-44, -7
-10, 8
89, 49
47, -95
-47, -59
37, -35
8, -95
-28, -24
-3, -31
11, 95
76, 7
54, 91
64, -92
84, -37
96, -36
72, 62
-9, -46
47, 23
-60, 74
-6, 7
-83, -7
72, -35
33, 72
45, -58
-19, -51
-100, -42
8, 94
1, 40
66, 3
-63, -51
61, -57
-69, -86
33, 52
-66, -86
-52, -68
-98, -4
100, 8
-21, -27
-56, -10
-93, 37
-46, -6
-54, 0
98, 96
64, -77
53, -56
35, -12
72, -18
-16, -55
26, -30
-85, 38
95, 47
21, 95
90, -33
-23, -26
27, 32
-100, -68
24, -12
-25, 83
23, -50
-38, -98
-52, 76
52, 58
51, 28
95, 62
-38, -2
71, -95
26, -99
43, -48
-11, 63
35, -37
23, 60
26, 52
91, 10
42, -29
19, 36
-59, -79
35, -54
-44, -90
35, 4
89, -53
-72, 7
48, -35
-75, 97
-1, -42
-23, 87
77, -52
-70, 92
6, 17
-14, 90
-70, 31
31, 56
-90, -53
-20, -57
-71, 3
-84, -8
-53, -49
-67, -39
52, 33
77, 87
49, 52
52, -23
-51, 5
-28, -46
-45, 18
71, -93
59, -26
56, 60
-55, -12
16, 17
21, -11
-52, 31
-92, -33
32, 10
84, 15
-64, 82
-46, 48
-60, 97
70, 68
-46, 96
65, -26
9, 64
41, 35
41, -7
26, -27
94, 39
8, -19
0, -29
-58, -85
75, -87
91, 45
64, -62
-21, 95
30, 71
-86, -49
-18, -64
-19, -98
87, 54
18, 36
53, -31
-56, -41
-12, 74
60, -7
95, -44
55, -17
48, 12
17, 9
84, 56
8, -88
-95, -69
9, 67
-51, 45
47, -39
-99, 4
23, -68
6, 68
-32, 11
-78, 46
74, 89
93, 74
-79, 13
87, -91
-3, -38
18, 93
-4, -96
-15, -41
39, 9
-8, 60
-78, -44
-100, 82
-62, 27
68, 84
87, -52
70, -67
52, -27
65, -25
-54, 84
46, 78
-22, -10
-73, -47
46, 53
7, -67
-45, -45
23, -58
80, -19
-79, -24
-38, 61
-98, -82
40, -8
-19, 49
35, 71
-52, 40
45, 91
31, -65
-60, -47
-35, 11
58, -60
-23, 61
30, 79
19, 32
-47, 18
8, 87
-9, 100
-30, 73
82, -35
-24, -13
52, -8
44, -4
31, 89
-84, -91
82, 16
-9, 13
65, 52
-68, 80
58, 22
1, -47
24, -46
14, -26
-95, 30
-47, 24
40, 62
79, 3
-62, 72
-57, -73
43, 79
-66, -62
88, 9
32, -72
-44, 32
-67, 75
-96, 95
31, -48
-16, 64
-27, 72
56, 79
61, 78
0, 36
-51, -60
5, -67
16, -51
-30, -82
-8, -82
-45, -77
-58, 6
15, -48
-8, 80
18, -26
-17, 86
-83, 72
64, -36
34, -55
-93, -55
60, 12
-2, -56
7, -74
30, 74
-68, -40
-90, -67
-52, -92
54, -88
89, 9
-92, 87
-25, -99
-2, -84
13, -10
67, -89
-73, -73
-17, 59
74, 57
12, -7
-24, -42
-8, 44
-33, -74
84, -3
-80, 97
-45, 66
60, 56
-76, -13
-13, -92
-80, 78
-20, 91
25, -23
-19, 57
-87, -37
60, -27
0, -31
-37, 18
-33, -3
-46, -17
-8, 81
91, 95
-82, -38
61, 62
95, -50
62, -99
-86, -76
45, -8
20, -56
-38, -89
-78, 55
-64, 43
-87, -35
-16, 86
20, 1
-42, -2
22, -78
56, 23
75, 67
17, 24
-99, -1
91, -25
-70, 24
13, 79
-33, 77
72, -88
21, 60
17, 1
34, -85
7, 42
-17, 27
73, 53
-100, -97
23, 42
31, -98
-51, 33
9, -14
58, -82
49, 71
100, -54
-7, 40
-78, 82
44, -82
-28, 32
-31, -84
37, 84
-13, -75
-81, -35
41, -2
-78, 16
52, 25
-95, 5
-81, -23
-30, -96
95, -83
68, -67
-96, -79
-100, 60
55, 50
-41, -99
82, 66
84, 48
32, -32
-86, 95
-53, -3
-26, 66
36, 43
-64, -14
96, -75
-76, 54
-23, -50
72, 40
77, -8
-64, -42
-29, 67
12, 32
4, 6
9, 86
59, -64
-48, -48
69, 4
-86, -22
-64, 67
-83, -55
9, 43
68, -51
47, -9
-37, 48
-98, 98
34, 29
-94, 29
70, -72
65, -36
-54, -85
15, -52
100, -19
45, -54
80, -7
-84, -83
85, -36
-1, 58
-35, 26
43, 9
-1, 21
64, 35
35, 46
-36, -9
63, 32
-96, -42
0, 7
77, 52
69, -29
72, -50
53, -14
72, -88
58, -18
24, -9
94, -36
-87, -44
-74, -33
-93, 3
-6, 25
-57, 69
74, 37
-51, 15
-61, -6
-20, -48
22, -36
74, 49
23, 49
13, 54
-30, -66
57, -90
1, 81
-30, 54
28, 15
-40, 30
-57, -55
-41, -58
80, -14
-76, -95
-86, -54
-24, -81
29, 1
-52, -86
20, -24
-24, 27
35, 21
-92, 43
70, 39
31, 7
-21, -68
48, -92
-64, 90
-94, -40
-46, 2
25, 46
13, 33
48, -84
14, -30
-53, 6
-79, -28
63, -69
-54, 0
-74, -87
23, 97
88, -98
29, 97
-18, -38
-13, 73
-98, -11
48, -41
-9, 15
18, 64
2, -96
100, 84
-45, -45
59, -90
-69, -23
50, -46
81, 70
76, -5
-56, 63
97, 52
17, 14
85, -53
53, 19
-71, 89
3, 75
-1, 19
22, 81
-99, 56
-83, -53
61, -54
-83, 73
-41, -89
71, -97
-52, -21
-49, 91
-98, 29
-23, 44
-72, -77
19, -5
66, -7
27, 59
70, -18
25, -26
-37, 27
68, 68
-73, -22
-89, -26
-11, 73
9, -27
-78, -24
-77, -88
81, -39
96, 20
82, -28
-89, 49
47, -43
-44, 45
94, 91
-15, -89
41, -73
-8, 6
-24, 9
-64, 36
21, 26
27, -33
-17, 67
39, 50
70, 94
-37, 13
-26, 56
8, 46
97, 97
83, 60
15, 84
-9, 68
13, 82
-47, 60
30, 18
-79, -16
97, -91
25, -95
-99, 55
-77, 26
57, 28
-62, 97
66, -82
-16, -95
51, -91
-58, -34
75, -62
1, 13
41, 36
84, -69
-36, 4
-32, -71
78, 1
-25, 34
-43, -12
-33, 15
0, -11
-47, -63
9, 48
43, -2
-26, -30
95, 69
4, -70
-52, -17
71, -6
3, 49
99, 30
51, -83
98, 14
54, -39
90, 13
99, -52
-20, 91
-37, 88
54, 56
-73, -68
-24, -34
51, -89
-52, -23
79, 52
-49, 42
-58, 66
-73, 93
-34, 65
-98, -20
-68, 21
25, -21
5, 45
-23, 68
45, -70
24, 32
60, 24
-60, -17
84, -31
-78, -2
43, -20
-92, -64
85, -75
8, 8
87, -24
-7, 60
-38, 73
17, 76
72, -53
-85, -45
66, -94
85, -82
-25, 84
66, 97
22, -66
-92, 53
47, 49
-76, 25
-32, -35
-85, 17
52, -95
-10, -4
22, 6
-32, 10
84, 1
-52, -19
-49, -17
-78, 21
71, 19
98, 3
7, 13
9, 39
27, -29
-40, 71
4, 39
-19, -12
-68, 82
-71, -39
-43, -50
37, 41
-34, 50
71, 34
-67, -76
-53, -35
-47, -92
-12, -2
31, -65
-97, 36
-84, 80
-70, 41
-57, 4
47, -12
40, 50
-49, 25
39, 20
-57, -42
5, 39
-12, 96
-10, 47
78, -77
-12, 29
72, -47
46, 59
-8, 31
82, 49
87, -43
18, -98
15, 22
-93, -59
22, 90
44, 42
22, -95
-93, -21
76, -19
-55, 62
-5, 69
95, 86
-22, 59
44, -45
40, -88
81, -44
-79, -98
26, -94
-46, -46
-57, -2
-44, -51
-3, -81
54, 9
5, 79
-39, -23
71, -92
-3, -8
57, 79
35, -44
17, -51
24, -14
-10, 16
-83, -57
8, 43
0, -49
36, 41
-94, -20
-7, -27
58, 14
-42, -35
-73, 89
43, -12
64, 82
-21, -5
-27, -5
16, 89
-92, 11
-100, -98
-97, 95
-94, -73
-93, 8
21, 38
-45, -18
64, 76
71, 53
76, -15
-4, -65
-63, -94
58, 2
26, -55
72, -68
91, 25
-41, -40
-49, 13
-53, 91
-62, -23
33, -45
57, 40
60, -54
-80, 15
-36, -39
36, -34
44, 67
-35, 75
62, 58
82, -95
74, -72
80, 85
80, 72
41, -30
-35, -72
-98, 59
95, -82
-8, -39
-38, 85
-18, 44
36, 10
-74, 86
-79, 76
-46, 33
26, -82
-85, 4
-76, 35
71, 49
-58, -84
-47, -39
-47, 11
70, 45
-44, -24
-98, -76
-84, 99
-79, 55
55, -1
47, 9
28, -7
52, -12
-40, 48
94, 18
43, -39
-2, -7
-13, 12
93, -25
43, -11
21, -10
-3, -80
65, -32
76, 1
95, 61
1, 46
-45, 9
2, -35
60, -55
53, 73
96, -72
-43, 76
-23, -5
-58, -94
86, 5
94, -25
1, 39
-29, -96
-84, -60
-64, -96
-37, 14
-15, 64
-34, -70
-47, -1
69, -28
17, -35
74, 50
74, -34
94, -65
-53, 61
88, 72
-95, -39
44, -98
84, -73
5, -43
83, 55
-61, 16
-82, -39
-26, -42
-61, -54
-4, -88
-22, 40
58, -12
-65, 7
87, -93
87, -87
-33, 88
-13, -32
77, 41
61, -82
83, -97
86, 0
18, -61
-51, 22
-93, 85
6, 27
36, -50
80, 38
74, -42
-93, 25
64, -62
-93, 86
-6, 69
-92, -36
-68, -52
13, -88
-52, 2
-3, -61
-51, -51
-15, 33
18, -3
-99, -35
62, -66
-91, 24
75, -9
-21, 33
81, 29
-26, -63
59, 56
50, -54
-51, -41
-55, -39
34, -60
76, -97
-32, -96
99, -97
-74, -70
-67, 100
-20, 52
41, -64
-22, -35
-75, 2
-54, 95
39, 65
73, -47
55, 44
-66, -57
-32, 0
-27, 46
66, -63
12, 13
-55, -89
79, 90
82, 34
93, 38
93, 57
2, -3
97, 5
24, -80
75, -80
50, -72
-93, -32
95, 71
-23, -81
84, -50
-22, 83
-37, -55
-66, -38
-16, 68
27, 13
55, 75
-73, -82
60, -59
-48, -8
-80, 61
-58, 2
-32, -58
12, 63
70, -17
-62, 54
76, -13
61, -72
-91, 34
94, 97
-63, 27
44, 48
-62, 33
87, 48
42, -10
-73, 54
-15, -13
25, -97
-98, 51
22, -6
3, 68
-100, -74
-67, 64
68, 78
86, -55
-72, -26
-24, -32
-45, -33
61, -23
24, -96
-53, 62
-34, -84
94, 50
-34, -35
-25, -83
50, 14
6, 49
-84, 26
-20, -8
70, -11
-8, 54
-75, 72
-90, 73
81, -79
89, 1
5, -100
8, 40
92, -13
-11, -64
25, 4
-50, 19
-85, 11
-52, 17
-46, 2
36, -34
24, 14
86, 83
-68, -2
-26, -12
85, 78
-18, -20
8, -32
-38, -11
-45, 49
-93, 10
-2, 56
-23, 8
32, -46
9, 56
28, 93
12, 71
67, 9
-54, -51
-89, -62
-47, -17
14, -63
24, -38
-60, 94
91, 24
-6, 40
39, 40
-4, 25
20, -55
41, -30
-52, -52
4, -35
33, 57
29, -7
-53, 63
-60, 66
77, 58
34, 74
-51, -85
85, -11
98, -30
21, -6
59, 63
66, 42
-83, -14
86, 92
-14, -49
93, 40
13, -62
-60, 52
-67, 27
-51, -38
-93, -60
16, 45
-79, -41
-31, -19
2, 33
-14, -60
-99, 52
60, -67
-98, 53
-23, 6
80, -82
-78, -14
99, 21
-82, -61
94, -38
-94, -53
-81, -20
-57, -19
88, -76
-5, 100
-98, -10
29, 13
-24, -74
-9, -94
-51, -31
49, -92
-49, -72
24, -37
69, 17
52, -30
-41, -44
42, 84
89, -96
-60, 57
33, -32
36, 38
77, -13
87, -72
38, -96
11, 77
-15, 46
12, -73
16, -20
42, -41
91, -99
95, -86
90, -32
-20, 9
45, -33
46, -50
12, 56
24, 67
69, 77
77, -67
85, -24
23, -20
8, 84
-89, 30
-80, 14
-63, 66
-66, 13
89, -68
-62, -45
-67, 35
73, -82
-12, 11
-26, 0
-83, 35
75, 16
-46, 42
97, 72
-4, -1
78, -69
-42, 59
92, 8
-43, 37
48, 97
85, 57
-5, 36
-92, 51
62, 17
34, 80
90, -92
58, -100
55, -33
-88, -14
-10, 66
15, 12
36, -96
-60, 72
47, -78
12, -48
-38, -21
44, -65
-58, 12
-47, -23
-14, 74
-80, -6
79, 49
87, 84
-89, -56
2, 56
-73, 20
91, 94
92, -97
33, 71
85, 93
49, 38
-30, 40
-59, 41
-43, 5
44, -57
-45, 83
-61, -98
88, -64
-27, 80
28, -11
-79, 82
60, -70
18, 43
-76, -57
-12, -12
-94, 88
-47, -3
-5, -24
13, 30
59, 62
-65, -7
-66, -19
-86, -36
97, -82
-77, 6
46, 81
87, 3
29, 54
35, 35
-9, 1
78, -52
43, -88
6, 96
75, -85
-13, -83
64, 88
-27, 71
75, -77
-20, -36
-13, 37
64, -2
-14, 50
-69, -77
85, 53
-34, -82
92, 97
33, 73
51, -57
-90, 59
-28, -58
18, -32
-41, 93
-50, -73
-43, 88
26, -90
-99, 33
25, 84
-65, 24
44, 9
-30, -37
-12, 51
-8, 15
88, 48
-73, -23
5, -98
-99, -17
43, 57
30, -82
62, 9
33, -26
-17, -53
-88, 8
28, 28
77, 76
13, -94
67, -70
-11, -74
81, 43
48, 38
57, -99
-26, 58
86, 19
28, 56
-58, -68
23, -70
-83, 73
29, 73
-45, 64
-50, 59
22, -44
-92, 74
20, 25
81, -78
-32, 30
88, -89
-64, -67
14, -35
-35, 41
99, -93
88, 5
18, 46
40, 62
20, 16
-71, -71
-62, 8
-44, -17
-16, -46
-8, -24
72, 75
20, 44
-67, -90
-94, -28
-32, 11
-42, 13
42, 60
-87, 86
62, 61
-33, -36
-24, 17
16, 37
-6, -54
21, -24
-90, -4
51, 80
84, -23
45, -8
-55, -76
57, -9
-12, -31
-25, 36
-61, 69
-54, 66
34, 68
28, 1
100, 4
57, -50
-96, -76
-70, -91
-93, 37
87, -93
14, 99
-14, -84
84, 70
-81, 22
82, -32
77, 6
64, 2
-33, -27
98, 23
-82, -85
84, -12
-58, -6
-37, -60
-7, -3
70, 23
-56, 84
-74, 28
82, 92
86, 31
61, 73
100, 41
58, 84
73, -78
-78, -86
-46, 14
25, -3
35, 76
-9, 3
95, -62
-98, 37
-40, -27
-39, 87
25, -77
-100, 85
90, -73
19, -47
58, -16
-19, -94
-8, 0
-75, -83
-8, 82
-15, -87
96, 14
57, 77
-93, -77
68, 44
39, 28
-87, 72
-66, 7
67, -11
2, 90
-12, -99
-52, -19
-75, 35
18, -53
26, 42
-47, -75
5, 100
-76, -82
-78, -57
9, -87
54, -55
36, -22
64, -16
72, 20
-74, -60
72, -72
-3, 78
-77, -43
72, 95
71, -69
-42, -8
-97, -32
14, -66
-78, -69
19, 29
2, -73
17, -65
-1, 83
58, 79
-50, -92
65, -23
79, 52
-35, -1
-31, -95
-20, -67
19, 89
44, -90
-65, -25
-33, -32
58, 9
-25, -76
23, -34
33, 93
76, 93
18, -66
-45, 40
12, 6
20, -80
91, -80
-32, 8
-95, 98
-26, 74
-26, 58
-46, 95
-42, 6
30, -32
6, -41
-94, -57
-42, -63
-73, -74
86, -27
86, 27
-28, 26
-57, 83
-15, 28
54, 6
5, 51
-33, -5
69, 50
-76, 14
41, -97
-66, 16
25, 13
-20, 43
-51, 31
-1, 33
-12, -52
-71, 45
-100, 90
90, 68
-46, 45
27, 19
79, -9
-52, -84
-89, 24
4, -9
-45, 44
-6, 9
-39, 16
54, 73
41, 96
-87, -47
-11, -28
-43, 0
47, -4
73, -95
-19, -85
97, 37
88, -92
22, 89
96, 85
-74, 37
10, -76
-21, 55
-66, -48
-81, 4
-70, -12
-24, -16
-18, 92
0, -37
-90, 57
-100, -100
52, -85
17, -23
13, 4
-64, -61
-47, -21
-67, 84
-42, -66
60, -2
81, -62
-60, 79
-62, 60
-53, -89
-54, -84
-75, -49
25, -65
9, 17
11, 11
84, 24
30, -7
66, -91
-81, -7
10, 6
46, -22
-11, 40
-19, 22
24, -59
-20, -91
37, 95
-32, -28
-23, 43
-54, -8
-93, 99
-88, -21
-55, 54
-17, 60
66, -60
-49, 77
88, 25
-12, 47
-15, -60
4, 3
-35, -99
-3, 75
11, -22
94, -76
37, 89
50, 25
-69, 60
-14, 87
-54, -3
-61, -56
-49, 25
-68, -18
9, 79
-89, 13
89, 69
-88, -71
-54, -13
-36, -56
-56, 67
-76, -8
-12, -80
80, 100
42, -4
59, -78
13, -40
85, -27
-24, -12
95, 41
-2, 78
-6, -83
37, 79
-31, -22
-62, 39
76, 79
-73, -2
-45, -84
-65, 79
76, 25
91, 20
-23, 64
59, -40
96, -95
18, 82
45, 17
18, -35
11, -89
96, -65
94, 66
75, 69
-54, 16
89, -93
-28, 89
-68, -28
-74, 15
-51, 49
-54, 1
-10, 0
-50, 88
99, -1
-7, -3
-90, -28
-31, -34
61, 13
42, 48
99, 22
-19, 73
-8, -86
62, 93
58, 50
-47, 57
-94, 75
-82, -24
80, -30
30, 36
-87, 51
-89, 90
-66, 62
5, -62
-57, -68
-20, 95
99, 41
14, 67
-33, -82
52, -60
-34, 87
-63, 61
10, 67
2, -44
-76, 14
31, -50
-32, -88
-78, -51
88, -65
-54, -8
3, 15
-56, -84
-75, 89
13, -45
-77, 82
66, -59
41, -68
-44, -13
22, -30
-7, 14
-72, 96
-9, 12
-13, 56
-60, -3
-92, -57
26, -3
35, 58
92, 13
-91, 41
76, 64
-28, -29
-25, 55
58, 18
72, 100
-61, 71
-85, 42
-76, -76
-83, -57
8, 25
-16, 3
-63, 21
28, 95
-20, 14
47, -15
93, -69
82, -13
72, -41
6, 26
-61, -89
-13, -79
1, -38
61, -57
-74, 27
-79, 55
-79, 26
-7, -73
-36, -85
-13, -76
-11, 27
11, -23
-38, 11
-40, 9
-4, 73
-82, 68
-55, 55
32, -37
-82, -82
-90, -10
-62, -99
-28, 18
69, 81
84, -72
-55, 45
-11, 43
-12, -45
-97, 7
62, -71
24, -46
-46, -58
-48, 42
-34, 82
-70, 11
32, -21
-31, 3
-35, -12
-85, 71
-37, -88
4, -5
-60, -6
68, 40
64, -54
94, -15
12, 62
68, 10
-92, 26
38, -73
77, 19
-14, -48
-2, 46
60, 80
3, -58
74, -33
-33, 100
37, 50
34, 49
47, -73
18, -56
-99, -28
-16, 42
65, -40
16, 94
-80, -29
-33, -75
44, -43
32, 39
42, -38
-28, 77
51, 79
52, 24
10, -88
57, -49
32, 49
-11, 64
-4, 94
-65, 12
-1, -89
74, 35
89, 13
58, 46
-66, 4
13, 20
-19, 51
97, -38
64, 14
-78, 56
-51, 92
51, 32
-79, -30
15, 81
-37, 72
-44, -60
-43, 78
45, -90
3, 45
93, -48
-8, -22
-36, 94
-42, -55
-69, -10
-89, -99
-79, 33
-13, -25
82, -7
-88, 43
82, 14
-16, -66
-27, -94
87, -60
-42, 24
23, 86
-30, -39
29, 31
-71, -31
72, 13
-14, -55
-34, -96
-38, 9
-28, -61
-100, 23
-18, -50
-99, 4
29, 90
-64, -94
-28, -32
-41, 78
-14, -59
-62, 67
-44, 65
-67, 45
-9, 45
-53, -65
-2, -16
26, -30
-73, 46
-92, 27
86, 92
1, -14
71, 99
-73, 91
-52, 30
-99, 5
45, 49
39, 8
-27, -19
-7, -91
66, 77
-96, -61
-2, 45
-96, -7
-78, -35
94, 99
29, 39
1, -63
67, -18
44, 16
-53, 35
66, 41
-64, 18
-24, -58
59, 71
-19, 36
30, -63
77, -47
17, -77
-43, 10
-86, -100
-29, -19
-1, 91
-94, 54
-47, 25
22, 21
-54, 98
84, 67
92, -37
-34, 74
-5, 62
-63, 77
-3, -29
27, -63
87, 100
-10, -40
-19, 22
-13, 12
-14, -82
37, 90
20, 67
60, 42
-85, 36
-85, 43
-61, 84
-23, -53
-74, 67
-68, 53
71, -7
-4, 5
61, -39
78, 22
30, 75
-5, 58
-26, 57
-57, -52
-83, -43
-3, -41
-33, -88
5, 37
-99, -80
40, 6
-8, 85
69, 82
-58, 2
-7, -60
12, -79
-94, -43
69, -96
13, -46
22, -57
-71, -78
-28, -52
-39, -89
-17, 54
-20, 10
-93, 27
64, 100
-54, 15
-77, -2
41, 57
29, 26
10, -6
1, 48
99, 53
-66, -35
0, 82
97, -48
95, -30
14, -86
-9, -2
98, -31
22, 21
98, -96
11, 72
72, -40
60, -72
-73, 11
-93, -54
96, 16
-29, 35
34, 98
85, 33
11, 64
8, -81
69, -12
48, 0
-25, 19
26, -67
7, 72
15, -96
-71, 65
98, 74
3, 45
-87, 70
8, -90
61, 77
97, -64
-56, -64
87, 26
37, 54
-88, -41
-8, 88
100, 42
48, -40
48, -13
-49, -93
-84, -86
-64, -53
-82, -4
39, -65
92, -42
-1, 35
-12, -69
98, 52
50, 51
11, 94
52, -43
1, -56
98, -64
-26, 32
-56, -78
15, -42
-17, -6
-87, 95
-47, 5
85, -96
-77, -74
-6, 97
-33, -46
-55, -91
62, 31
-80, 14
87, -6
-50, 23
-6, 0
-6, 82
-44, 84
-79, 99
-27, 33
15, -78
78, 5
62, -3
18, 3
-39, -51
56, -89
-94, 60
13, -85
38, 20
9, 28
-58, 86
-47, -6
33, -31
88, 82
21, 2
-81, 18
22, 90
-73, -31
-15, -9
66, -28
-62, -99
21, 30
46, -16
-95, 67
-33, 73
78, 27
-16, -5
88, -26
-60, 32
17, 10
95, -17
-91, -91
19, -99
-21, -13
-25, 82
58, 35
-83, 4
-34, 6
-80, -31
-7, 51
-88, 12
-88, 7
6, -23
38, -7
54, -74
16, 35
32, -20
-42, -48
-49, -78
-56, -70
-33, 44
-2, 68
69, 56
23, 11
-52, 4
-82, -94
55, 100
58, 94
-18, 29
-94, 70
-30, -84
24, -86
34, 28
-15, -26
-54, -3
75, -56
-81, 82
-52, 14
-7, -34
69, 61
-62, 86
-54, 34
88, 95
-90, 39
13, -16
67, 53
35, 14
-76, -45
-59, 3
20, -70
-74, 87
45, 37
88, 91
-85, -78
44, -55
84, 60
87, -67
53, -99
26, -32
-11, -3
-17, 53
57, -59
-30, -87
-12, 94
44, 55
-87, 15
-37, 0
12, -1
15, 48
-32, -29
-51, -73
-82, -61
-51, -41
99, -16
-28, 89
19, -31
95, -71
-27, 73
58, 39
-18, -68
5, -61
-93, 23
5, -21
7, -18
96, 61
-78, -54
-31, -70
-25, -37
19, 52
-62, -17
-14, 75
-58, 42
43, 51
28, -69
19, 16
72, -46
17, 48
-17, 91
-23, 20
-74, -82
-59, 32
57, 63
-75, 48
52, -5
24, -78
19, 38
-60, -77
-28, -49
99, 64
47, -92
27, -42
97, 98
-42, 45
-79, -2
37, 55
78, -14
92, 20
-1, -5
35, -92
87, -29
-90, 94
6, 84
-25, 83
98, 0
31, 8
-30, -40
37, 50
-8, -65
-26, -65
66, 55
76, 83
81, 31
-25, 30
40, -44
-6, -100
31, -93
55, -37
97, -44
18, 95
39, 34
-91, -19
93, 35
-12, 61
-27, -41
5, 26
-5, 70
-15, 22
68, 27
-49, -34
87, 39
-80, -60
-95, -73
-52, -30
-95, -79
87, 69
-12, 87
-4, -82
-67, -63
43, 32
96, 30
-95, 34
-38, -41
-9, -85
-32, 2
-3, 70
66, -80
18, 88
71, -15
-86, -31
53, -20
-11, 13
69, 94
-18, -29
79, 70
83, -21
55, -13
-55, 28
-5, -57
-25, 40
56, -87
-91, 33
-83, 6
-29, 59
-80, -38
42, 15
97, -29
-92, 29
-26, -94
93, 37
-38, 77
28, 23
-56, 19
-40, -3
90, -39
-31, -28
10, -90
61, 99
-94, -15
15, -10
-100, 22
-41, 11
50, 5
-60, 35
81, 54
72, -54
40, 81
65, 8
-62, 37
55, -56
-6, 39
-14, -93
-55, -12
53, -68
-72, -44
67, -74
-47, 95
23, 44
-30, -27
-55, -24
27, 61
17, 3
-37, 72
15, 96
-12, 7
52, -30
4, 52
-67, -77
70, 78
-53, -69
60, -33
-22, 99
-65, -36
80, -88
45, 47
8, -11
49, 34
66, 28
68, 83
2, -30
69, -65
62, 23
57, 76
-44, 65
-47, -45
30, -81
-22, 10
74, 25
-55, -55
44, -9
36, 70
19, -37
-38, -25
-52, 52
33, -89
5, 2
26, -24
-63, -53
-14, -21
-46, 3
31, 38
-73, -88
-51, -63
41, 94
21, -72
-37, 89
-92, 86
-74, -7
-14, 3
7, 54
-41, 24
46, 51
58, 81
-49, -8
-17, -14
-65, 66
-34, -23
-75, 34
-3, -81
-76, 19
-32, -93
-80, 10
-78, 38
-16, -68
-44, 92
22, 49
92, 42
98, 24
55, 44
81, -73
39, 59
50, -7
-42, 37
-22, -30
20, 99
-75, -21
-12, 67
-79, -32
64, 34
-95, -8
56, -29
-46, 47
-8, 26
-2, 92
-5, -4
83, -35
-34, -44
-4, 71
73, 67
56, -37
46, -89
-68, -10
-60, 98
72, 87
-98, 7
82, -18
-47, 83
19, -3
-57, -58
12, -43
-68, -79
-52, -68
30, 0
-42, -1
-6, -28
70, -29
-85, 23
93, -60
77, 55
44, 71
18, -54
-54, -46
8, 27
-21, 14
-65, -75
74, 65
-33, 62
100, -83
19, -21
1, -72
32, 28
-37, -90
3, -80
-72, 40
78, 26
10, 58
2, -91
18, 51
-25, -67
-81, 12
-84, 83
53, -73
-47, 83
24, -10
59, 90
63, -59
-6, -71
-33, -50
90, -26
16, -16
-52, -75
-65, 18
-27, 36
12, -85
49, 60
52, -36
-59, 76
-71, 34
61, 75
85, 10
-61, -84
1, 11
-91, 32
-63, 17
86, 10
-17, -19
96, -16
44, 23
-55, 41
-30, -1
-50, -55
-30, -45
-17, 4
67, -12
-7, 83
-28, 44
26, 22
60, -28
92, 12
27, -32
-72, 48
28, -46
-36, 59
-62, -25
-56, -62
-75, -65
-78, -94
29, 28
-54, -4
14, 86
-84, -100
-51, -26
-75, -59
-84, -9
9, -13
-23, -97
-86, 82
-37, 17
-79, 39
-71, -18
70, -91
100, -35
-9, 40
27, -42
-70, -33
-66, -23
-25, -56
-67, -16
10, 100
33, 73
-87, 94
3, 23
-97, 58
10, 19
90, -51
-8, 43
-86, -50
-79, 97
-34, 57
-90, 88
-53, -2
94, -69
94, -98
-51, -1
-30, -72
-97, 6
-42, -79
9, -87
33, -46
15, -39
71, 53
47, -34
66, -58
-52, -67
84, -4
-82, 93
-84, -21
-31, 13
-54, 36
-16, -55
-86, 94
-45, -27
-60, -79
-33, -35
-70, -8
-56, 98
66, 99
-42, -93
-41, 77
6, -33
25, -72
-13, -86
50, 47
73, 21
18, -71
-99, 55
-68, -48
3, 43
35, 43
-5, 88
84, -88
-92, 78
44, -22
79, -61
96, 65
35, -20
-63, -67
-91, 4
-80, -16
18, 96
87, 91
-72, -97
87, 42
53, -95
-99, 5
-13, -3
50, -55
-53, 9
87, -67
-45, 8
-62, -100
60, 52
50, -97
90, -76
45, 65
61, 1
70, 54
-61, -2
29, 83
-40, -47
-72, 21
-46, -13
61, 41
74, -32
14, -59
77, -95
18, -6
-9, 9
-93, 34
-61, 49
14, 88
80, -42
-12, -14
83, 17
69, -95
46, -44
-83, 28
-53, 51
-18, -84
-12, 90
65, -2
21, -88
63, -3
34, -19
92, 69
28, -97
17, 16
77, 98
-49, -24
59, -15
83, 68
-88, -32
-26, -34
-52, -47
-53, -31
55, -98
32, -95
-57, -90
36, -23
-84, 82
64, -36
31, -61
-51, -99
-18, 86
-95, 89
-98, -44
60, -87
-21, 22
40, -73
-62, -56
-11, -77
44, 61
-31, 94
-67, 64
-4, 47
-84, -86
-70, -20
-34, 5
-33, 94
46, -37
-4, 69
-26, -5
-91, -95
-31, 89
-10, -50
75, -2
85, -53
85, 92
30, 52
-36, -13
84, 31
-18, -15
45, -87
-55, 87
-59, 11
90, -80
-73, 95
81, -74
16, -87
-32, 30
-36, -58
30, -12
-33, 93
-84, -63
-47, 35
-68, 39
59, 50
-33, 55
6, 7
-73, -68
-10, -6
29, -34
-4, -100
-21, 54
-41, 16
7, 44
44, 21
59, -67
-13, -44
14, 75
-8, 39
-71, 36
74, -71
-62, -83
-81, 78
6, -69
-78, -10
-19, -19
-24, -38
-91, -40
-85, 76
-79, -93
78, -2
-54, 5
97, 11
53, 12
52, -13
-70, -31
19, 39
86, -65
18, -30
-49, 86
-68, 76
9, -78
-66, 57
10, 10
25, 24
-22, -34
70, -82
-62, -74
65, -83
-22, -30
36, -80
-56, -88
-82, -32
3, 5
-12, 53
-49, -21
48, 70
13, -1
34, 64
-12, 46
-10, -39
17, -83
59, 68
65, 52
-26, -48
62, -33
-80, 59
69, -47
79, 46
0, -44
56, 42
60, 90
-50, 66
-76, -28
9, -61
17, 59
-31, -43
23, -89
-78, 49
45, 96
-91, 55
16, -88
87, 41
-7, -8
-72, -9
48, 29
77, 59
-64, 32
-55, 34
-59, 64
-65, -68
10, 48
-86, 86
-78, -95
-99, 53
2, 74
-86, 3
-47, -71
65, 30
4, -94
10, 70
17, -73
-10, -49
-58, -84
-50, -19
-7, 79
-68, 12
-20, -18
46, 94
-57, 91
9, 38
-74, -45
-31, 37
-83, 60
7, 5
-65, 15
96, -59
55, -28
-9, 64
54, 35
17, -20
-56, 85
76, -22
-96, -93
90, 61
-35, 20
-84, -28
93, 46
-47, -87
13, 27
73, 39
58, -54
-84, 70
-57, 89
56, 76
37, -7
72, 37
-24, 85
97, -65
99, 73
-38, 40
37, -8
92, 31
-94, -4
74, 5
-59, -32
-87, -49
-11, 14
49, 52
56, -86
-13, 95
14, 70
-12, -100
-80, 4
4, -59
-33, -88
40, 53
17, -13
-96, -39
-73, 74
-8, -30
33, 81
-16, -16
60, -3
15, 47
-15, 75
17, -83
-4, -47
-43, -17
-52, 66
-19, 26
49, -76
69, -41
-89, 71
-81, -82
-9, -55
78, -76
-74, 15
8, -81
-29, -80
27, -52
47, -80
-53, 100
-81, 99
-81, 18
23, -24
-50, 76
-68, 92
-59, -72
-79, -98
-98, 32
-67, 75
-76, 73
-60, -42
69, 7
46, 43
-42, -48
-24, 9
19, -27
15, 26
92, -67
-84, 73
63, -67
-24, 78
28, 69
-39, 34
-62, -10
-32, -58
-66, 69
-31, -44
47, 9
-63, 79
-56, -12
-49, -33
63, 28
62, 65
-57, 54
66, 65
-25, 25
-77, 29
76, -95
-78, -38
-79, -3
-3, 37
71, 26
86, 30
31, -6
-18, 55
32, 89
-34, -53
-54, -70
-21, 8
-90, -13
49, -2
86, -4
33, 100
73, 11
-82, -1
-33, -77
-94, -26
92, -94
-26, 93
22, 92
63, -16
-84, 4
-66, 16
56, -97
-47, 39
29, 27
-10, 65
-62, -61
46, -49
35, -23
-61, -7
-58, -86
-47, 56
-26, -84
14, 16
-55, -5
8, -94
23, -24
-90, 58
-28, 65
-42, -67
4, -32
5, 58
30, 48
26, 67
17, 58
-32, -43
69, 54
-47, 32
-61, -67
11, 31
59, -43
-1, 17
-62, -55
-72, 61
50, 43
-21, 99
99, -17
15, 98
90, 35
93, 34
58, 55
16, 22
-51, -28
-58, -55
43, 97
-97, -57
-47, -29
-31, 7
-44, 55
-13, 50
65, 82
81, 38
-3, 9
-67, -33
-90, -93
91, 94
89, 3
-6, 81
-87, -86
24, 5
89, -32
-42, -30
19, -36
-20, -17
44, -49
13, -32
52, -71
-1, -7
12, -28
-33, -63
-64, -90
8, -98
69, 77
42, 68
-3, 19
-28, -37
37, 15
43, 87
56, -61
-45, 82
-86, 60
20, 52
-7, -33
-86, 15
19, 19
6, -55
35, 20
-96, -75
97, -47
70, -21
-37, 56
-46, 16
71, 97
-72, 93
18, 50
73, 30
23, 43
-84, 9
44, 29
80, -80
-34, -90
52, -77
0, 79
-43, -13
-46, -56
-51, 96
-27, -94
-20, 96
65, -67
-27, -100
86, -14
-47, 73
13, -43
36, 51
12, 56
-92, -73
-70, -76
66, 20
92, 60
2, -94
-20, -92
-45, 55
-11, -91
-32, -49
89, 2
76, -58
-75, -44
45, 49
70, 7
86, 85
52, 99
-70, 30
67, -29
-58, 16
-2, -7
-10, -56
6, -61
14, -75
-91, -25
-26, 93
35, 73
-77, -8
1, 9
76, 64
96, 64
24, 75
-45, -33
-25, 60
1, 65
86, 92
-22, 42
100, -81
-68, -84
5, -27
40, 8
-15, -82
-72, -12
-45, -6
-73, 49
79, -71
43, -17
90, -89
20, 48
20, 5
-10, 69
-33, -33
-23, -82
51, 49
-19, 73
-100, 91
-41, 24
83, 76
92, 5
66, 59
-24, 83
-70, 39
95, -87
28, 9
-51, 64
-6, 51
-14, 80
-78, -41
-89, 26
55, 69
-5, 18
77, -12
-27, -61
87, -83
-29, -47
62, 23
54, 41
17, 63
9, 8
-14, -94
83, 90
-49, -1
-46, -8
58, -46
-29, -47
-49, 75
-83, -8
-89, 71
70, -8
-88, -50
19, -61
46, -98
-15, -59
-16, -66
28, -30
-69, -47
-9, 60
38, 44
-52, 27
82, -74
-77, -12
47, -43
-42, 25
-57, 48
72, 43
97, -87
-5, -70
-57, -97
18, 31
9, 74
-61, 24
64, 27
-91, -8
2, -61
-3, 87
-41, 7
-61, 69
69, 31
-88, -18
-13, 87
28, 8
35, 7
94, -15
23, 45
-54, -76
-45, -26
19, -25
17, -67
23, 6
15, 39
74, -11
74, -53
-19, 73
65, 3
-60, 23
56, -13
46, -21
96, -75
83, 86
60, 23
-93, -74
-53, -4
97, 50
17, -74
16, -35
-73, -61
63, 37
-65, -100
-43, -86
53, 44
-85, -73
17, -46
74, 52
-38, 58
-52, -58
54, 20
-90, -100
94, 79
-69, -52
45, -2
0, -16
90, 62
-70, -59
34, -73
42, -95
65, -43
-68, 92
37, 41
-45, -62
-90, 99
40, -77
-38, 48
-11, 55
17, 10
-71, -69
16, -46
10, 28
-71, 65
46, -60
47, 83
53, 32
-10, -88
-42, -44
-57, 25
49, -42
-70, -21
-28, -13
25, 72
-82, -78
-93, -15
76, 5
-76, -35
-45, -78
-24, 79
28, -63
-32, -4
72, 25
6, -29
-3, 26
64, -70
53, -44
8, -10
-22, 92
-92, -33
-28, -89
-12, -13
-78, 63
69, -43
30, -24
-43, -96
59, 34
45, 81
50, 70
5, -96
-83, 74
-64, 73
9, 53
12, -93
-52, 30
73, -40
17, -91
97, -51
45, 70
-80, -91
64, 22
34, 98
38, -27
-86, 26
85, -28
-44, 85
25, 36
53, 10
29, 18
71, 56
53, 89
48, 29
-96, -84
87, -97
-76, -29
41, 59
-82, -85
-86, -48
72, 76
-75, 68
90, 48
-67, 13
-9, 65
79, -5
14, 71
23, 42
18, 36
28, -87
-45, 64
-73, -81
-84, -100
-58, -87
58, -16
24, 100
-29, 73
-18, 55
-14, -45
21, 91
96, -21
-81, -58
-73, 65
89, 93
31, 96
-68, -46
-61, 25
54, 94
70, -25
93, 74
68, -95
75, 32
81, -55
49, -83
59, -68
12, -10
54, -47
7, 52
-40, -93
-99, -30
44, 49
-69, 41
76, -46
29, -2
-18, -44
-60, 85
-74, -67
8, 34
23, 60
-95, 84
88, 4
-63, -21
-72, 2
-75, -68
-5, 42
-32, 65
-33, 62
-22, -2
-49, -97
43, -35
-35, -80
-86, -74
93, -43
77, 73
70, 42
-27, 41
-30, 58
-61, 63
34, 95
-68, 93
-69, -58
86, -98
57, 28
-93, 33
-8, 87
52, 59
57, -9
7, -68
-32, -43
42, 9
-94, 16
48, -15
44, 66
29, 11
44, -47
-32, -58
-37, -87
-20, 82
82, -5
-49, -55
26, -81
17, -7
-36, -10
-68, 53
95, -36
-49, 40
-37, -67
-31, 71
-59, -91
76, -83
84, 60
-36, 75
30, -53
-27, 6
-85, 82
-60, -89
-100, -12
-47, -69
15, -44
6, -49
55, 76
-40, 92
-56, -97
34, 48
0, -84
-6, -88
-95, -34
36, 0
95, -99
26, -71
67, -25
85, 58
-21, 20
-96, -90
86, 94
75, 67
22, -27
-30, -74
-81, -22
-83, 62
84, -22
-91, -46
-17, 15
-85, -37
1, -47
-92, 41
16, -46
75, 47
-90, 60
-81, -79
60, 53
3, -25
32, 63
64, 73
-78, 81
4, -49
15, 97
-48, -44
45, -3
-57, 41
68, 100
98, -17
-21, 100
78, -94
2, 77
-65, -88
45, 89
-56, -29
-24, 84
85, -45
59, -41
95, 63
-36, -99
9, -47
84, 11
8, -42
-28, 44
64, 31
-40, -8
18, -67
91, 13
98, -10
-75, 73
-61, -10
69, 2
83, 74
90, -94
22, 49
38, -42
-88, -56
10, 10
59, -82
-21, 43
18, 8
77, -85
-77, -29
10, -37
53, -8
-95, -12
-72, 74
55, -86
26, -18
-29, 10
-37, 21
7, 66
-65, -91
-49, -38
65, 1
-42, 80
96, 59
-54, -6
-4, -96
80, -62
-8, 12
5, -76
-34, 40
87, 19
2, -93
-98, -82
87, 72
-79, -11
31, 67
-80, -59
76, -56
-3, 6
-78, -80
-99, 83
-96, 79
6, -71
60, 90
42, 98
56, 55
-89, 69
-96, 80
-51, 42
-55, 98
-66, -8
-11, 81
85, -58
-7, -93
43, -21
-11, 56
75, 0
94, -22
66, -75
30, -10
86, -37
-54, -22
98, 16
-8, -40
50, 34
22, -70
-28, 93
-80, -32
1, 89
-91, -7
-33, -40
-65, -2
-72, -12
43, -43
54, -9
-11, -55
93, -10
-70, -26
35, -47
-65, -76
-88, -29
-86, -60
53, -83
23, 38
99, 55
-9, -91
-65, 19
-71, -8
18, -27
48, 73
88, -53
-14, -22
-89, -62
7, -51
-70, 40
85, -74
-66, -78
-6, 93
-5, -77
-59, -89
82, 84
5, 48
-36, -57
-21, -23
-68, 54
41, -68
49, -27
-1, 66
-69, 31
91, 19
97, 68
-72, 31
-19, 65
-99, -49
-44, -34
20, 45
28, 73
53, -41
-3, -72
7, -51
77, -64
84, -71
-20, 86
-40, 65
24, -41
-100, 88
-84, -49
58, -51
-90, 70
-80, -53
9, -18
-58, -22
46, -33
-93, 15
62, -14
-24, 39
79, -13
-56, 50
-84, 44
-37, -17
-87, -89
-14, -18
-61, 54
-81, 91
78, -47
-24, -13
-61, -29
57, 88
96, 41
71, 34
98, -91
28, -28
-47, -13
19, -68
-99, 43
95, 83
-97, 91
76, 99
-60, 30
-3, -63
55, -11
94, -93
59, -53
32, -10
90, -11
92, 97
35, -73
76, -65
90, -100
8, 70
-31, -43
-48, -86
97, -4
61, -60
-63, -91
-36, 44
54, 67
-34, -51
89, 73
53, -86
8, -40
-98, -94
47, 45
-65, 10
-4, 73
9, -35
-24, -55
67, 3
-58, 69
99, 22
-25, 44
-66, -25
96, -10
-49, 84
45, 35
-59, 44
9, 48
-86, 29
85, 12
91, -95
-49, -53
-32, 75
-11, 21
-32, -58
18, -87
-16, -36
-76, -17
7, 40
-64, 91
87, 2
80, 67
-53, 13
-33, -90
41, -90
92, 49
36, -14
-33, -64
86, 49
-75, 33
-99, -40
43, 24
72, -80
28, 99
78, 17
92, -85
49, 56
16, -60
-29, -78
20, -17
-65, -11
-74, -90
21, -48
-26, 7
68, -58
71, 85
22, -1
82, 34
20, 3
36, -88
39, 88
67, 19
96, 36
-79, 24
-94, -91
34, -95
86, -57
4, -60
-6, 20
-89, 28
-23, -6
40, -56
39, 15
87, -54
2, 62
-73, 4
25, -65
-58, -60
18, -67
91, 32
67, -53
-16, -64
-46, 89
7, -8
-58, -96
80, 31
-52, -74
68, 4
21, -58
34, -32
24, 44
81, -24
24, -64
-73, -45
41, 8
-77, 87
15, 44
28, 22
27, 77
-75, 24
97, 65
-96, -17
-14, -17
-100, 52
62, -48
-47, 3
91, 72
-53, -91
44, 94
72, 55
34, 95
43, -56
-45, -99
-39, -4
16, 6
11, -45
-90, -62
81, -70
-85, -15
-42, 61
-48, -63
50, -74
57, -92
-36, -59
-40, -63
-88, 90
95, -8
91, 53
63, 27
-91, 58
37, -65
86, 56
-19, 48
-44, -44
-15, 86
-52, -50
-74, -34
-83, 39
-84, 97
13, 5
-37, 87
-29, -45
-8, 35
-40, -24
31, 58
74, -46
-77, 45
44, 79
19, 47
-80, 25
32, -100
36, -54
44, 69
-33, -41
99, 24
45, 67
-88, -9
-82, 3
-24, -50
-30, 89
56, 11
-54, -31
94, 70
43, 21
85, 67
96, -51
-90, 43
45, 37
5, 52
29, 59
20, 65
19, -73
-41, -54
-62, -83
31, 93
100, -96
59, -35
-78, 74
-18, -52
30, 36
-64, -50
72, 96
-58, -6
53, 88
-5, -83
4, -35
-55, 18
46, 43
-78, -93
91, 32
76, 10
-41, -21
29, 52
-27, 60
6, 44
67, -51
93, 62
62, -56
-33, -49
18, 47
-34, -33
38, -58
-71, 18
-24, 18
-100, 35
34, -97
-88, -22
40, 86
53, -20
-84, -66
30, -91
-29, 73
-93, 83
51, 56
-34, 87
21, 30
-21, -5
38, 95
57, -81
-4, -7
77, -84
19, 99
-20, -83
51, -71
50, -16
-97, 25
-7, 51
16, 17
-27, 88
-89, 69
54, -53
81, -37
-57, -63
63, -39
92, -3
-89, 57
75, -35
-89, 72
7, 51
50, -56
-49, -34
3, 45
-6, -52
-30, -97
-75, -57
82, 42
-73, -35
74, -79
-70, -51
-94, 14
21, 55
34, 78
-92, 33
-54, 15
-38, -39
-56, 34
-17, 91
52, 29
-53, -9
67, -97
71, 71
-74, 98
-43, -62
-13, -94
-27, -33
-2, -97
-41, 17
53, -21
87, 72
100, -34
36, -4
91, 82
75, 6
-41, -87
-35, 10
-54, 9
-10, -42
-52, -88
-60, -60
-21, -3
67, -54
-62, -51
16, 51
2, 91
-39, -85
-98, -2
-84, 64
12, -72
-2, -81
-40, 32
21, -78
-17, 40
57, 27
-53, 50
-56, 67
-99, 33
55, -77
5, -76
42, -93
-51, -55
-36, -52
-19, -16
-89, -26
-83, 21
-81, -4
-66, 98
-31, -34
-21, 26
-28, 34
-59, -2
-72, 31
2, 4
-6, 27
-26, -16
84, 52
-49, -87
40, -83
87, 2
49, 38
18, 64
-88, 82
40, -3
-36, 18
67, -95
-89, 69
-4, 3
-48, -48
-83, -61
10, -41
55, -61
-62, 68
96, 92
55, 46
62, -7
-80, -86
-78, -78
53, -9
40, -47
69, -61
-31, 78
28, 53
-29, -3
30, 43
57, 33
-71, 85
-52, 88
-59, 42
45, -55
15, 87
50, -37
46, 81
95, -31
35, -34
13, 16
58, 99
74, -46
-35, -55
-79, 26
-28, 62
-63, 3
-20, -98
-99, -93
-35, 93
-68, 30
98, 93
-39, -7
-64, 70
64, -9
34, -17
-23, -95
0, 89
45, -98
45, -64
-99, 2
-80, -58
-58, 19
-25, 89
23, -63
7, 64
-36, 93
7, 60
-88, 51
22, 100
4, -50
61, 15
34, -97
-29, 69
-32, -4
43, 63
-83, -71
-27, -19
3, 65
2, 64
22, 80
36, -7
5, 91
-61, 78
70, 97
-2, 76
-84, -1
85, 61
-35, -94
33, -49
53, -31
39, 7
99, -70
13, 72
27, 3
23, 4
-89, -25
-55, -84
-17, 41
70, 91
-82, 83
-57, -48
95, -98
30, 15
91, 78
14, 52
57, -95
-53, -90
57, 68
41, 95
-90, 35
69, -20
19, -74
89, -61
-58, -7
98, -50
-78, 36
-36, 76
-67, -49
27, -12
2, 54
53, -4
-74, 64
49, -42
-2, 21
-58, -31
-92, 82
53, -33
49, -20
-69, 22
77, 70
-57, -41
-95, -42
28, 31
-66, -13
48, 45
-22, 84
78, -71
-50, -44
75, 66
-32, -69
-30, 34
42, -40
-76, -94
-51, 40
31, 37
-37, 88
-93, 56
86, -76
25, -22
66, -26
-57, -23
-91, 87
-48, -26
-13, 63
21, 26
-11, 70
-41, -78
59, -7
0, -82
41, 8
1, 42
-21, -24
-99, -32
-16, 45
-55, 83
-32, 54
75, 43
-43, 92
54, -88
-65, -72
-79, 11
95, 10
-46, 51
20, 91
-76, -25
99, 14
-94, 18
-73, 38
-52, -40
89, -87
54, 64
-86, 52
68, 54
-75, 70
-79, 32
-70, -22
68, -88
-90, 38
60, -91
28, -93
-44, 20
54, 82
-91, 74
42, -13
-59, 55
-35, 27
-68, -30
9, -88
-57, 16
34, 23
20, -20
-61, -89
-27, -51
88, 77
29, -51
80, 61
32, -51
-37, -87
-76, -2
-31, 89
-1, -51
-20, 5
17, -79
44, -11
-78, 2
36, -66
25, 94
-10, 42
89, -48
60, -65
-80, 67
84, -2
-46, -30
-80, -61
-57, -69
-28, 27
-94, 72
-17, -36
-66, 77
52, 67
94, 5
-21, 8
-47, 65
72, 43
83, -32
-24, 7
63, 72
-49, 66
9, -11
98, 89
-68, 80
13, 70
-39, 65
25, 100
-18, -32
93, 42
-25, -38
46, -93
-28, -57
7, -81
56, -97
3, 9
39, -73
80, -71
32, -61
-70, 46
17, 79
-44, 69
74, -25
81, 28
48, 70
-42, -49
-51, 43
-42, 98
85, 64
49, 71
85, 1
65, 21
60, -4
-56, -63
-74, -84
-48, 39
-73, 11
30, 53
-97, 11
7, -87
68, -36
-73, -59
69, 28
97, 65
66, -49
-98, 36
2, -16
96, 90
100, 70
71, -83
74, 5
68, -17
-82, -63
72, -3
-14, -12
-30, -71
53, 8
23, -29
71, -33
42, -74
2, -95
-83, -100
18, -8
23, -93
-22, -44
-98, -52
-66, 70
-59, 94
-54, 34
61, -5
90, -20
-65, 47
26, 82
74, -18
-99, 25
-36, -52
-63, -76
-78, -100
41, 59
43, -23
71, -34
-69, -80
-44, -90
-52, 96
-58, 98
69, 65
-11, 65
-33, -84
82, -27
4, 77
75, 68
48, -85
69, 88
-69, 83
-90, -7
-80, -83
-98, 72
61, -79
-95, -17
-40, -15
-60, 1
57, -72
-56, 32
4, 24
-77, 39
-39, -6
-98, -6
-17, 1
50, -58
-86, 93
27, -70
95, -8
-4, -63
12, -47
-87, -66
87, 21
-12, -58
-90, -83
-31, 46
-80, 46
-9, -99
59, -52
91, 86
82, -88
-26, -77
-49, 24
54, -42
85, 58
-30, -23
-22, -62
-10, -57
56, -6
29, -44
70, -26
-51, 4
-52, -50
54, -75
-51, -85
90, -65
8, -77
83, 27
-13, 36
-19, -40
46, -71
-26, -2
81, -3
-96, 39
-97, 2
74, 87
99, -76
73, 95
-74, -73
38, 59
2, 33
94, -68
88, 68
-32, 27
86, -100
87, 87
-50, -99
-99, 9
-68, 46
-59, -31
98, 97
33, -80
19, -26
-13, -31
39, -54
85, 95
-100, -81
-77, 1
61, 41
-20, 20
100, -54
-28, 94
-65, -7
-97, 97
25, -76
-48, -49
94, 28
-50, -64
-90, -52
-60, -60
54, 25
-1, 4
-84, 77
89, -96
54, 26
74, 9
-22, -61
80, 60
78, -46
72, -6
-58, 72
1, 54
56, 25
27, 68
41, -26
72, 58
-7, 59
46, 78
-61, 85
79, 41
-86, 15
-3, -47
44, 43
49, 40
65, -80
53, -9
15, 36
98, 79
-70, -91
-28, -56
50, -81
20, -37
-88, -94
-36, 78
-83, 23
-86, 65
84, -17
22, -10
53, -12
18, 30
27, 91
-96, 6
80, 99
-55, -45
-81, 64
15, -87
85, -38
48, -75
-28, -43
15, -29
14, -62
-68, -44
85, 36
-85, -40
-48, 99
46, -63
-40, 53
53, 8
-12, 39
81, -8
1, -96
-31, 41
93, -56
-1, 46
77, -51
54, 73
92, 34
44, -11
-62, -15
-55, 99
33, -78
-37, -62
34, 96
28, 17
-61, -24
-68, -95
-9, 6
-51, -44
-14, -62
49, -5
7, -28
-23, -2
11, 75
31, -40
43, -56
-72, -39
66, -6
-88, -11
-100, 12
-61, -88
14, -39
-72, 67
-95, -16
-1, 24
-95, 38
9, 77
-35, -38
94, -59
35, -70
94, 69
-4, 81
48, -62
78, -47
-69, 81
-34, 63
81, 5
-77, 9
31, -11
-89, -71
-10, 4
71, -89
27, -17
-94, 31
-28, -66
34, 93
-30, 44
11, 70
46, 34
56, 95
76, 4
50, 20
48, 95
-2, -27
-10, -85
-19, -33
69, -53
39, -37
-2, 63
-44, 74
-80, 83
82, -44
28, 95
13, 84
-66, -30
48, 67
-99, 65
-33, -53
-54, 94
-97, -19
63, -91
78, 63
33, 18
-33, -56
16, -85
-61, -28
25, -84
-14, -89
-41, 55
70, -32
70, -32
2, -4
1, 80
37, 98
-100, 6
-96, 55
-32, 50
86, 74
-13, 23
-42, 74
51, -33
-52, 73
-66, 22
41, 30
-9, -37
-73, 47
84, 73
-47, -98
98, -37
50, -99
-92, -67
51, -76
-49, -12
14, -1
-69, -12
-77, 25
-51, -36
-64, -39
78, 48
71, -38
57, -89
-95, 99
48, -71
69, 17
-2, 99
21, -52
59, -87
-41, 76
-75, 33
96, 100
-50, 69
94, 92
-65, -71
-22, 92
-33, 7
38, -6
63, 92
1, 71
58, -79
24, -16
90, -84
-89, -17
-88, 27
-23, 60
48, -62
-79, -43
77, -93
-1, 86
-83, -40
-100, 92
-98, -50
10, -60
-95, 83
-50, 51
18, -59
97, -41
-19, 71
57, -5
-16, -100
55, -8
-91, 0
55, 98
89, -65
-95, -64
-96, -81
-89, 62
22, 70
-42, -26
-9, -36
-12, 29
-99, -62
-73, 18
32, -9
5, -93
-97, -23
80, -88
-40, 13
-79, 64
34, -23
3, -69
6, -99
65, 50
54, 45
85, 13
91, 33
-44, 66
-68, -66
-36, -52
94, -69
-6, -47
-17, -23
3, 69
29, -69
-18, 11
-81, -42
-55, 55
-26, 49
-51, -62
-74, -8
73, -45
-93, -23
-13, 19
-41, 94
49, -93
42, -73
-8, -96
-88, 80
-82, -48
-70, -22
49, 23
17, -46
57, -41
24, 36
-29, -11
6, -19
-85, 4
75, -85
86, -66
70, 96
-75, 65
-97, 34
-66, -13
-83, -44
26, -96
-58, -89
-11, -36
77, -61
-68, -57
-98, 88
-37, 33
-86, 68
60, 85
-55, -29
94, 9
50, -5
52, 69
-95, -47
53, -81
39, 27
19, -64
-47, 97
-99, 61
1, 55
69, 94
42, 6
6, 75
94, 53
87, -63
-55, -49
0, 94
-51, -14
-40, 44
-20, -89
40, -9
78, -97
88, 100
-89, -86
-80, -3
-9, 57
94, -33
-5, -17
52, 12
-93, -99
-100, 80
78, -1
2, -82
15, 92
73, -38
2, -89
86, -46
-25, -74
39, 43
38, 86
-7, -2
22, -91
-44, 89
-84, -50
35, -60
60, -65
83, -60
75, -79
-83, 39
27, -45
59, 87
-79, -7
72, -80
89, 39
30, 93
6, 32
-94, -97
10, -68
-46, 16
47, -59
86, 15
-66, -80
18, 25
88, 11
-21, -47
76, -19
67, 84
22, 21
-20, 100
-1, 73
14, -56
-15, -67
51, 95
81, 44
-26, -47
-35, 53
69, -93
-13, 28
25, 23
27, -54
51, -2
67, 100
80, -51
77, 69
-96, 8
25, -99
-73, 47
67, -6
-73, 56
77, -40
49, -43
-9, 36
74, 38
-83, 17
67, -57
-99, -66
58, 54
-13, -41
65, 24
57, -69
-86, 39
-10, -25
54, 64
36, 5
6, 81
11, -51
-69, -91
13, 17
-41, 51
-89, 85
-73, -84
72, -31
-77, 40
-48, 100
48, -86
63, -62
-75, 94
86, -41
27, 87
93, -85
66, 94
4, 68
-58, -78
-58, -100
89, -42
-25, 52
28, 32
-29, -45
75, -30
-57, -44
95, -14
67, -5
-59, 58
-41, -49
-100, -90
27, -45
22, -31
84, -34
-76, 11
38, -70
-53, 99
41, -35
-42, 87
-100, -22
23, -10
21, 95
-73, 88
-62, 87
81, -52
-3, -66
26, -58
13, 74
-97, 30
-54, 38
63, -3
-68, -64
44, 90
40, 7
35, 85
13, -14
99, -47
-50, -31
-27, -73
69, -6
-27, 9
-27, -80
68, 89
54, 76
24, -73
79, 54
-85, -54
-58, -83
-13, 87
67, -100
-47, 41
-66, 68
-15, -11
-34, 89
-40, 1
78, -32
-97, -37
67, -21
-83, 63
-8, 91
24, -74
-79, -56
-85, -85
46, -84
8, 85
60, -75
41, 87
-99, 99
-12, -51
58, -56
-45, 34
-29, 70
44, -20
18, 51
28, -96
-16, 1
61, 99
-25, 35
90, -1
-44, 26
33, 20
65, 99
-91, -16
51, 38
-82, 73
16, -75
74, -80
40, 10
32, 68
-83, 61
9, 85
-17, -18
79, 87
20, 85
-50, 29
96, -85
-44, -60
-38, -19
36, -43
21, 50
39, 31
62, -37
-16, -59
-22, 24
86, -33
-65, 49
18, 33
-26, 66
69, 38
-54, 66
-49, 55
-88, 61
0, 10
99, -19
28, 79
78, 31
-4, -95
-9, -82
-1, 12
-72, -74
-75, 75
98, 63
-45, -2
74, 34
-89, 60
37, -48
-64, 15
-63, -40
18, 3
-18, 91
-35, 68
-84, -38
-53, 28
-74, -63
-41, -36
98, 35
9, 43
98, -63
52, -19
-54, 9
71, 10
43, -27
-72, 61
-49, 12
-100, -92
39, 23
48, 49
-96, 30
-29, 27
-40, 74
-96, 96
-43, 75
22, -36
-77, -4
56, 93
39, 43
-48, -47
61, 70
35, -84
66, -83
-99, -65
34, 14
61, 42
-22, 65
-69, -77
54, 82
-47, 65
57, 18
-24, 27
-20, -61
-2, -76
-94, -78
-84, 49
-29, -22
52, -54
-18, -47
34, 22
-47, -68
-81, 46
-59, 58
80, 81
-15, 69
63, 26
83, 48
31, 34
22, 55
-34, 48
-56, 20
-78, 38
73, -65
-56, 38
-81, 57
-28, -78
-28, -20
31, -2
-27, -90
37, -33
-15, -49
1, 3
-28, -10
91, 33
-30, -88
-68, -19
-22, 99
-37, -34
-15, -76
-41, -38
85, -63
-95, 36
-8, -15
-97, 21
53, -89
91, -29
34, -46
-75, 13
-29, 35
-54, -36
-2, -23
22, 30
97, -38
69, -43
-90, -8
-66, 80
70, 88
15, -36
94, 97
-77, 84
-70, 78
-55, -78
2, 59
61, -92
-62, 70
43, -63
-93, -46
-1, -98
64, 84
41, -38
-56, -46
-12, -45
63, -93
61, 46
-54, 3
-89, -94
-11, -42
-73, 41
42, 89
59, -17
73, -18
-94, -11
-47, -59
9, -61
-82, 29
15, -91
25, 79
-1, 10
-98, -46
-51, -19
-76, 87
-82, 79
2, -84
-25, 71
37, 11
-37, 74
-69, -78
32, -86
46, -24
-65, -90
21, 14
-83, -45
69, 63
1, 20
-52, 76
3, 11
-29, -66
-54, -35
-33, -35
36, -86
-83, 71
-5, -74
-72, 60
23, -4
71, -69
-24, 20
-56, -66
-17, -59
77, 53
84, 21
38, 54
-45, -55
-63, 20
-14, -41
-84, 63
57, 59
2, -55
-54, 68
-16, 92
40, 29
44, 66
11, 91
84, 26
-72, 3
18, -87
-30, -35
70, 9
-12, -89
-11, 91
69, -83
31, 69
43, 18
68, 31
88, 45
-67, -98
-20, -92
-90, 63
-53, 15
14, 58
80, 10
33, 77
0, 72
-43, -46
-67, 87
99, -39
-81, -84
44, 63
17, 0
5, -84
-32, -91
86, 25
82, -99
-1, -39
-93, -64
74, -7
85, -56
-17, 8
7, 60
-50, 7
-27, -85
35, -75
-26, -60
14, 74
-49, -93
20, -50
-48, 33
-67, -28
-67, 88
31, 21
-98, -92
-86, -37
-43, -36
-55, 53
4, 31
-54, 83
-48, 71
-57, 78
69, -5
29, 54
-2, -31
10, -50
-98, -69
82, 95
-27, -62
64, 91
24, -68
40, -88
-56, -77
77, -77
33, -38
60, -29
-32, 92
-76, -7
-31, 58
60, 96
-81, -13
97, 77
98, -98
96, 23
-41, 3
-60, 35
-8, 76
81, -18
-89, 57
18, 35
-80, -45
-38, -8
-67, -58
-74, -1
7, -46
52, 68
40, 58
-10, -92
-90, -4
100, -24
-51, 24
-15, -51
74, -5
79, 40
-77, -89
30, 86
-34, 72
-1, -56
-70, 5
18, 22
-85, 63
-14, 33
49, -7
-99, 87
-54, 70
-27, -49
-15, 64
-53, 55
-90, 66
53, 71
29, 29
-9, -6
-70, 77
49, 55
-8, -44
50, -50
-43, 76
-18, -32
28, 64
-67, 28
-1, -17
59, -67
16, -39
-9, -39
-10, 42
-79, 29
92, 39
72, 13
-45, 1
-35, -9
5, -87
74, -4
93, -65
46, 12
-63, 43
-11, -86
-37, 69
-43, 89
-65, -9
22, -10
71, 17
7, 56
-54, -64
-95, 36
-24, 46
-94, 28
4, -19
-89, 27
-97, 73
74, 39
68, 29
-73, -88
55, 7
-60, 30
-48, 5
-45, 8
-16, 80
36, 43
-83, 53
-78, -73
-57, 19
76, -4
-75, 32
11, 99
-34, -14
34, -41
-93, -13
88, -14
65, 26
-90, -25
8, 15
-69, 73
90, 44
-62, 45
73, -65
-86, 22
5, 89
18, -39
-75, 17
54, 95
48, -67
22, 69
-10, 54
79, -82
-92, 62
-16, 18
7, 83
47, 91
-4, 9
-30, 83
-17, 11
99, -42
20, -73
68, 0
-41, 67
-56, 64
-55, 4
-7, 3
26, -75
23, 93
76, 2
-31, 3
-33, -27
99, -82
-62, -18
90, -16
-63, -64
-49, 53
48, -28
37, -11
-25, 93
75, 94
-9, 92
90, -40
-11, -55
-29, -6
86, -2
-11, 16
36, -48
-26, 27
-30, 76
68, -89
-55, 84
-94, -99
-30, -94
-9, -35
0, -89
-12, 75
70, 0
-51, -31
-36, -13
10, -61
-44, 35
0, 29
-33, 55
-43, -5
-99, 21
69, 51
9, 78
96, -36
-3, -64
-41, 95
-65, 15
-58, 92
-25, 48
-43, 63
81, 62
4, 68
47, 92
-92, 42
-43, 98
75, 14
52, -62
-90, 29
-94, 23
-34, 71
13, 3
62, 79
-6, 65
27, 95
87, -78
-66, 1
19, -15
-29, 86
33, -19
43, -85
40, -67
-62, 89
29, 64
-91, -59
45, -45
-47, 96
-80, -34
31, -96
39, -59
-89, -49
-40, -45
84, 34
30, -48
38, -98
18, -13
21, 23
-19, -16
7, -72
73, 78
-6, -48
-40, -100
-31, -96
16, -83
-9, -7
93, -8
34, 38
-32, -3
-21, -53
95, 40
-21, -9
49, 55
35, -34
-41, 28
75, 84
75, 25
66, 69
-81, -36
-91, -45
-33, -92
56, -31
73, -14
15, -3
64, -99
53, -12
59, 14
-91, -92
-92, 51
52, 31
-19, -95
14, 8
1, -69
16, 90
68, 65
-56, 45
43, -39
51, 36
-57, 34
39, 81
98, 3
-86, -92
-39, 88
100, 70
57, 64
2, 79
46, 60
-72, 84
72, 68
82, 90
-9, -63
-79, -78
-32, 42
37, 32
-33, -10
-95, -40
40, -86
26, -37
84, -48
46, -66
77, 55
50, 6
-47, 85
1, 91
-9, 46
-7, 84
7, -7
59, 59
-64, 92
-40, -88
-61, 67
76, 53
100, 45
-93, 97
-28, 26
100, -6
21, 60
55, -91
7, -97
-80, 11
-51, -66
-69, -99
-96, 78
-57, 2
51, 100
-13, 70
88, 31
-32, 88
-22, 85
-23, 41
72, -20
24, -98
-4, -70
16, 27
53, 59
40, -61
52, -52
-71, 30
-53, 61
28, 39
-80, 53
-48, -21
-14, -40
48, -33
-52, 58
87, 8
57, 61
-96, 4
-55, -8
-14, -16
31, -64
81, 24
46, -100
-11, 50
-96, -6
12, 6
-77, 48
-100, -4
79, 71
48, 24
22, 64
21, -24
26, 7
36, 52
23, -56
80, 38
-41, 45
76, 22
-97, 36
59, -7
-15, 5
-30, 47
-64, -4
-75, -39
44, 82
71, 56
88, -14
-37, 33
60, 21
-38, 92
-43, -34
79, 81
-78, 13
-2, 20
-97, -2
-29, 30
31, -55
-59, 88
-49, 29
81, -99
2, -12
-40, 58
30, 51
-6, -7
-55, -87
-39, 64
40, 12
-31, -28
100, 4
-84, 64
-92, 49
-40, 37
73, -2
-64, -7
-93, 73
69, -68
54, 93
-74, -44
-52, 61
35, 69
84, 85
-16, 92
-17, 50
-33, 79
-44, -56
97, 73
30, -35
-74, -18
93, 27
44, -94
-55, 14
49, 21
-18, -80
68, -68
0, -98
82, 71
-66, -64
-83, -72
89, 79
-44, -59
39, -71
93, 82
38, 79
23, -55
93, -26
-53, -18
45, 100
-15, -96
72, -8
16, -48
-66, 62
-15, -92
-25, -4
83, 8
-92, 69
-93, -43
-59, -41
13, 13
1, 72
59, 85
91, 76
91, -64
-47, 87
-92, 67
64, -16
8, 63
74, 11
39, -52
79, 90
-43, -68
100, 20
-63, 53
15, -79
98, 52
44, 24
59, -94
-36, -90
-11, -37
-4, -2
-91, 60
-19, 85
51, 74
-81, 58
49, 51
-9, 40
37, 58
19, 80
-7, 42
-68, -96
79, -64
86, 40
-85, 12
-28, -89
-51, 18
81, 15
-52, 70
-70, -11
-51, -25
-49, 85
-24, -14
12, -47
35, 9
81, -33
94, 99
-49, 86
-72, 87
-61, 38
-19, -7
-88, 64
-21, -38
-3, 74
-4, 54
-37, -62
57, -52
-52, -64
44, -41
-56, 54
47, 78
-83, -54
-18, 67
88, 12
-85, -99
40, -57
-10, 18
87, 84
-76, -52
4, -64
81, 6
-78, -79
34, 96
-66, 59
-58, -37
50, 65
-76, 92
89, -75
98, 22
-60, -88
-40, 71
10, -81
-75, 53
65, 31
-11, -47
4, -40
59, 100
68, 17
87, 80
-55, -54
80, 91
-32, 41
-2, 54
-38, 17
3, -84
93, -76
-26, -84
-10, 83
80, 86
-88, 58
-92, -70
70, 9
77, -16
-3, 71
71, 46
-38, -73
-52, 33
-72, -68
-89, -87
-69, 12
2, 19
-50, 77
18, -34
-18, -41
87, -85
25, 29
24, -93
59, 43
-69, 20
-9, 49
18, -37
-62, -71
62, 73
66, -21
0, -86
-20, 16
33, 55
-74, -90
-47, 61
64, 43
-62, -26
-30, -66
16, -14
26, -39
99, 51
-8, -5
80, 56
-69, 45
-75, -92
-87, -60
-98, 80
-71, 39
100, 83
-70, -53
36, 62
-4, -71
-18, 47
54, -23
-54, 28
59, 60
88, 88
21, 10
-35, 75
7, 19
11, 54
66, -88
-36, -23
-50, 88
31, 60
7, 87
-86, 5
79, 93
-2, 26
-31, 23
94, -57
-68, 88
-77, 32
65, 16
77, 1
-46, 93
3, 18
31, 59
-4, -33
-52, 68
-44, 40
29, -18
-87, 9
-50, -79
-63, 72
-36, 52
2, -82
-6, -21
-85, 74
38, -47
11, -69
-35, -100
-66, 54
56, -58
-85, -33
9, 89
0, 84
7, 88
-54, 7
-14, -6
-40, 2
56, -45
-92, -21
-89, -32
5, -38
-1, -73
-87, -99
25, -86
17, 65
63, -90
42, -92
55, -5
-69, 5
-3, 70
70, 63
46, -90
-14, 34
78, -60
-94, 15
16, 23
23, -15
-33, 59
-2, -95
-89, -73
-3, 19
4, 11
19, 52
-5, -44
-51, 44
-83, -30
39, 52
50, 82
60, -99
-92, -59
-47, 30
87, 55
-87, 14
-10, 72
-75, 28
-14, 49
-89, 68
-38, -59
39, -59
-43, -82
-14, 98
-37, -63
-83, -61
82, -38
53, 73
-84, -28
34, 24
19, 77
-93, -7
22, -75
-56, -16
-45, 4
-74, 66
92, -92
54, -41
21, -77
81, -19
-54, 12
-1, 19
-3, 20
13, 43
-79, 41
-77, 90
82, -86
0, 15
90, -5
97, 84
41, 9
41, 10
-22, 46
-55, -86
8, -5
78, 22
-53, 73
83, -88
39, 36
-63, 52
14, 73
75, 97
26, -71
22, -68
-7, -38
-76, -10
93, -19
17, -53
-47, 97
-16, -62
41, 39
-15, 47
-14, -79
32, 51
21, -13
84, -73
5, -42
-31, -21
55, 10
32, 88
85, -45
31, 98
11, -6
96, -75
-42, 51
-53, -68
-16, -40
-20, -85
-5, -62
-58, -24
-1, 48
-66, -13
-89, -21
81, 27
-71, -55
-37, -72
7, -59
62, 36
91, -13
-52, 62
-81, 56
-45, 12
32, -57
65, 14
21, 35
-34, 93
-87, -11
51, -89
-60, -61
6, -7
43, -42
-79, -26
-66, 58
-96, -83
21, -96
71, -50
89, -69
-31, 62
-8, -55
3, 27
-91, -83
43, 78
15, -53
-19, -24
36, -6
-88, 34
-14, -59
90, 97
-59, -85
-42, 7
33, -67
-35, 94
-52, 86
12, 7
0, 87
95, 17
-74, 19
41, 34
-21, -61
-60, 7
-71, 100
-22, 65
100, 58
95, 22
-68, 42
25, -40
-24, -47
-26, -87
75, 55
84, -75
-49, -80
-82, -72
21, -7
-71, -90
-3, 17
-79, -91
-20, 80
6, -89
21, 9
-34, 8
-10, 50
48, 77
63, 90
-85, 45
-54, 30
49, 95
-27, -38
-50, 64
-74, -89
-45, 80
83, 58
-99, 39
55, 45
41, 98
-58, -15
92, -99
-81, -45
-41, 78
-38, 64
7, -66
27, -42
75, -34
41, -22
84, 7
-55, -31
-69, 65
-91, 32
-11, 23
-53, 27
99, 47
-8, -36
14, 62
32, -26
31, 78
79, -37
-58, 78
-61, 92
-98, -85
83, 72
16, -38
84, -82
-26, 4
-99, -62
-92, 3
38, 63
-74, -72
42, -72
-72, 6
77, 13
-83, -15
-74, -4
-8, -70
43, 19
-56, -98
-76, 25
-100, -58
-9, 67
73, 54
38, -74
-8, 8
3, 78
60, 24
-28, 29
-10, -15
-13, -9
85, 42
-18, 24
-43, -15
-56, 22
-8, 21
90, -69
36, 77
-16, 36
-54, -89
14, -64
-80, 89
-14, -100
-74, -81
-26, -77
-45, -63
98, -91
-23, -92
57, -55
-4, -37
46, -99
35, 57
34, -36
-100, 80
-15, -35
-81, -63
18, 7
57, -86
-68, 59
82, 76
92, 42
-65, -78
94, -39
80, 18
8, -52
45, 0
17, 8
-27, 2
-49, -59
-63, 61
80, 14
-15, -32
-28, 99
89, -29
15, 30
-85, -79
-81, -52
10, -95
-42, 59
-16, 1
-21, 35
25, 29
-8, 70
-57, 88
-3, -77
-78, -61
11, -59
-79, 99
-86, -92
95, 52
-9, -78
57, -67
42, -72
56, 97
-55, -53
70, -34
-71, -95
55, -74
-78, 30
48, -4
-70, 2
-94, 5
-83, 25
-65, -66
-90, -88
-16, 27
95, -38
12, -59
18, 84
78, -19
49, -92
21, -47
1, -69
-51, 78
90, -38
63, 13
-92, 30
2, -6
54, -72
-78, -56
51, 35
51, -4
-21, 1
39, 38
-99, 96
77, -20
-43, 21
-75, -86
-72, -81
73, -75
87, 6
-9, 94
-91, -85
-24, 21
20, 53
61, 47
99, 72
-48, -57
26, -8
21, -81
-31, 79
-91, 80
99, 48
9, 30
-62, -97
90, 1
38, -88
51, -89
-69, 84
-86, -26
-71, 39
-14, -41
86, 79
-71, 17
81, -50
17, -15
16, 61
96, -1
25, -100
-12, 13
-11, -68
96, -39
20, -8
-47, 1
41, 84
-10, 32
-92, 45
-89, 75
-64, 48
-52, 51
-52, -68
-32, -39
-59, 26
-55, 55
45, 91
-56, -89
-22, -21
-91, 18
-97, -62
-17, -12
-86, 87
82, 77
-88, 10
-51, 83
-45, -29
-41, -73
-38, 43
-21, -45
-97, -81
56, -69
46, -28
-13, 81
-65, 64
13, -2
-39, -82
13, 9
55, -72
63, 11
92, -17
22, -49
53, -25
-91, -62
67, -35
-9, -76
-63, -72
-88, 98
53, 77
-31, 32
-17, 6
95, -90
-50, 13
60, 2
80, -22
-50, -90
87, -27
-95, 27
-52, 82
-69, -4
9, -71
-14, -58
-10, -66
82, 91
-70, 69
90, 61
86, -53
100, 23
-48, 13
-37, -60
-1, -60
-31, 34
-7, 27
77, 6
-60, 60
22, -58
79, -58
-25, 79
-21, -27
-73, 72
-62, 70
-25, -47
59, 35
45, 74
0, -100
-93, -52
67, 8
9, -51
-60, -88
-95, 94
-30, 0
-62, 37
-14, 55
22, -30
-12, 62
76, -84
-99, -56
74, 86
24, -4
-41, -6
-7, -60
41, -8
-77, 16
-70, -79
-19, -46
74, 24
-26, 88
-73, -30
-8, 10
59, 56
-30, 54
53, 97
-78, -10
56, 25
12, -64
-78, 40
-94, -80
39, 72
-11, -20
69, -11
95, 78
73, 9
29, -27
26, 51
22, 33
23, -11
-67, -79
-82, -20
76, 7
-71, -56
-13, 41
68, 30
27, 15
25, -5
-52, 23
47, -10
40, 39
63, -28
66, 14
87, 83
86, 93
-86, -33
83, 98
-45, -12
-14, -70
85, 64
-70, 22
-93, -92
95, 73
86, -19
93, -19
29, 28
94, -26
-55, -67
81, -65
-59, 28
-63, 16
-47, -11
0, 0
-48, 67
80, 39
-57, 85
-69, -20
-73, 46
57, -23
-95, 19
2, -3
71, -30
90, 58
20, 64
-45, -26
-48, 38
8, -91
-32, 36
96, 92
-33, 23
78, -85
38, -80
-2, 20
-15, -46
-25, 18
-9, 83
82, 65
-7, 47
50, 93
36, 13
-26, -28
22, -24
-5, -73
-44, -38
84, -64
-63, -78
59, 49
-57, 100
38, 74
47, -18
41, 95
6, -31
21, 45
93, -81
-36, 61
-3, 14
79, -99
93, -90
-75, -96
68, 14
22, 52
5, 15
86, -3
-83, -76
20, -63
67, 25
-93, -96
-65, -6
13, 90
19, -87
-93, 87
29, 14
34, -68
14, 22
-24, -53
3, 11
-28, 66
67, 47
-79, -75
-45, 93
-8, 24
65, -4
22, 94
49, 56
43, 14
-13, 100
29, -18
94, -4
-5, -95
-99, 62
-21, -95
48, -10
50, -35
-65, 66
74, -4
-20, -66
-83, -36
-76, -86
36, 23
72, -44
66, -5
-82, 90
-6, -64
-2, 58
-22, 96
17, -53
34, -44
26, -61
-35, 60
74, 99
-89, 49
-86, 64
35, -75
81, 88
3, -23
2, -19
-69, -51
99, -67
17, 99
51, 35
60, 14
92, -6
22, 52
-75, -7
-29, 67
66, -27
-63, -75
73, 15
-26, -68
-96, -94
65, 87
10, 65
-33, -77
-32, -98
10, 28
-48, 62
-30, 69
71, -29
83, -18
-91, 17
23, 80
2, 63
12, 90
80, -74
-29, 91
11, -9
-84, 15
-83, 57
-11, -39
-23, -30
75, 41
37, 90
41, 36
59, -77
-97, 72
14, -62
54, -14
-5, 72
-47, -87
-11, 79
5, 61
80, -5
68, -45
46, 65
-49, 23
-48, 87
-66, 88
90, -51
7, 34
-48, 32
-91, 24
24, 96
-24, -28
1, 62
34, -27
-3, -19
-72, 85
20, 41
-14, -99
-46, 35
16, 60
17, 50
-49, 59
82, 30
42, -34
-61, -79
92, -8
99, -46
-97, 11
-84, 10
-37, -81
64, -94
-58, 97
-75, 62
57, 10
-100, -85
72, -33
-70, -32
-55, -14
52, -39
30, 63
-72, 93
92, -73
-24, -49
-60, -7
-51, 86
37, 57
-93, -9
-41, 65
-26, 50
-77, 52
30, -47
84, -54
-36, 31
-100, 36
-12, -62
-75, 86
-28, 53
-100, 59
-81, 4
-90, -80
75, 69
33, 63
-43, 86
74, 53
-75, -31
42, -62
35, -56
12, -7
99, -18
26, -64
-39, 40
-30, 21
-62, -60
0, -35
38, 10
-43, -24
-8, -11
-50, -73
60, -55
4, 28
55, -72
-97, 6
-66, 46
35, -96
47, -98
-74, 35
-24, -55
86, -66
45, 58
-68, 15
46, -87
21, 55
23, -10
-18, -100
43, 37
-7, -53
26, 62
-97, 41
-42, 97
35, -5
-60, -29
-43, -20
-36, -59
-84, 26
4, -14
55, -66
-92, 80
10, -67
-54, -29
-1, -24
19, -34
95, 59
24, 61
-45, -80
-21, -80
78, -16
-29, 14
5, 65
-36, -97
-97, 22
81, -90
-96, -19
-3, 12
98, -86
-99, 26
-96, -54
-32, 54
44, -40
66, 55
18, -61
36, -33
11, 50
-82, -70
-81, 35
46, 100
-90, -39
-93, -9
-32, 38
-23, -52
-92, -15
3, -98
80, 11
28, 1
79, 89
-55, 62
-95, 2
66, -89
-53, -32
78, 78
66, -41
86, -48
47, 28
31, 56
-30, -35
-95, -4
-31, 10
13, -70
62, 47
57, -70
54, -45
32, 64
55, -77
78, 65
5, -97
78, -43
34, -67
74, 94
91, -65
39, 80
48, -18
-84, -32
-4, -97
59, -33
-21, -94
23, 85
0, -36
-98, 45
63, 52
-7, 68
32, -7
-24, 43
-51, 38
28, -70
75, -5
-29, -69
28, 39
9, 92
-34, -79
22, -21
-84, 24
-35, 52
36, -8
15, -99
84, -31
94, 68
-42, 4
-31, -28
-51, 47
-80, 76
-58, -77
79, -76
-100, 45
52, -13
49, 98
11, 48
4, -48
-72, 6
-43, 28
-39, -4
-1, -75
55, -46
-53, -8
2, -50
-9, 23
-100, -17
-48, 18
71, 26
-57, -76
-73, 93
37, -65
38, -67
-31, 80
89, 97
-19, -95
7, -88
-88, -48
14, 66
-67, -82
-96, 25
31, -24
-52, -63
79, -80
-67, -51
-40, -94
98, -51
-30, -29
-69, -5
76, -79
-56, 58
56, 64
-18, 20
0, 59
97, 5
-93, 60
39, -4
29, 49
90, 28
-11, 70
18, 66
91, -60
-35, -11
-55, 17
-32, -58
-49, -60
-10, 5
68, -78
78, -68
9, 76
-43, 19
98, -72
-95, 61
95, 96
42, -23
5, 20
-79, -55
97, -80
42, 14
-71, -68
9, -13
15, -91
94, 52
-95, -64
23, -70
21, -63
40, -81
-52, 56
68, -19
-93, -100
68, -100
-35, 96
-20, 0
-56, 94
96, 83
20, -86
96, -3
55, 11
16, 74
61, 85
80, -54
-67, 87
-57, -47
-35, 51
36, -21
76, 8
-34, 14
-36, 80
-47, -67
49, -67
-73, 73
45, -41
50, 12
52, 11
-86, -99
-19, 65
-85, -72
92, -20
-35, 94
67, 38
-44, 43
62, -62
-52, 93
-85, 80
-3, 62
98, 43
-93, 31
-88, -64
-73, 96
-55, 52
-85, 11
92, 3
81, 86
15, 69
-20, -77
74, -46
65, 33
96, -51
22, -32
-73, -77
66, 78
50, 33
38, 21
-86, -94
-77, 84
-72, 87
-46, 22
58, 98
-47, 54
23, 89
80, 22
72, 77
94, 31
100, -68
-61, 86
-12, -90
78, -60
70, 51
-27, -98
5, 5
-74, 32
-9, -10
4, 49
67, -23
-74, -91
17, -78
-90, 73
-17, -92
-85, -3
11, 6
-36, 99
98, -61
-7, 45
-65, 99
7, -80
-99, -20
36, -77
4, -91
-74, -69
62, 66
-6, 85
6, -29
-32, 45
66, -59
32, -63
42, 19
67, -69
10, 93
90, 33
-80, -22
-23, -34
-3, 65
-29, -94
-73, -87
84, 10
92, -59
85, 46
0, 33
65, -85
-48, -64
64, -19
23, -98
-52, -86
-54, 62
-58, -49
-93, 43
-51, -33
45, 64
-39, 93
-86, 74
-75, 23
-65, -93
35, 41
-81, 64
71, -24
-82, 11
89, 79
49, -28
-72, 100
-92, -1
68, 25
-67, 88
-55, -67
-67, 0
-99, 68
67, -47
-24, -17
17, 70
93, 64
-9, -72
-52, -53
100, -20
79, 57
-44, -17
58, 43
-66, -22
-6, 60
34, -96
-8, -79
-3, 53
12, 52
-29, 92
14, 44
-26, -36
83, -9
16, -57
61, 52
94, 19
-63, 23
48, 65
-80, 95
-25, -18
59, 63
-38, -63
98, 64
39, 31
-48, -60
-64, 80
-41, 57
-88, 61
-67, -95
65, -39
12, -92
-15, -7
-18, -39
-93, -8
5, 12
33, 86
47, 8
18, 4
-65, -99
-26, 48
-44, 72
-35, -96
-24, 58
33, 88
-93, 63
67, 15
-67, -53
-41, -92
-23, 7
-69, 93
-50, 98
-31, 10
16, -35
-10, -81
63, -84
92, -48
-61, 48
35, -56
30, 53
41, 8
10, -17
-30, 34
-68, 37
-23, -35
16, 90
-1, -24
-81, -71
-9, 68
-21, 7
-15, -70
-45, -14
-87, -78
-41, -61
-25, 14
-61, 69
65, 22
-3, -39
8, 78
-12, -18
-88, -55
-49, -10
-14, -86
95, 20
75, -48
44, -1
77, -69
-31, -99
1, -80
48, 79
-88, 16
11, -90
57, 71
63, -46
22, -38
3, -12
-28, 74
90, -46
49, -72
50, -38
-27, -92
51, 93
91, 20
43, 98
-15, 92
-54, -12
27, -8
-62, -5
50, 81
53, -8
41, -61
97, -52
-41, -33
11, -90
-71, -91
44, -10
67, -70
10, 42
10, -49
38, -36
10, -76
-82, -79
-49, -26
37, -100
-32, 57
64, -61
-10, -29
-35, -55
-28, 80
-88, 62
47, -49
81, -86
-60, -97
-88, 82
-68, 55
50, 42
-28, 32
-22, 49
97, -54
97, 34
41, 66
19, -19
84, 4
-11, -74
-81, -68
56, 50
-22, -7
-84, -23
-97, -22
92, 67
39, 31
5, -66
-18, -12
11, 0
10, -77
13, 42
-92, -3
23, 23
83, -91
99, -95
-15, -6
-4, 34
0, 54
-28, -54
76, 30
70, -12
54, -77
-67, -33
-99, -83
-25, 79
47, 45
60, 16
-18, -34
40, 75
-22, -95
68, 14
-20, -55
47, 98
-29, -98
-92, -55
-40, 5
-76, -97
-46, 47
52, -38
51, 61
93, -75
-44, 28
12, 14
-12, -17
-83, -98
89, -93
-15, -32
86, -43
-86, -91
66, -10
25, -87
-39, -49
7, 60
2, -37
-89, -14
-78, 84
73, -84
25, 43
-42, 59
40, 84
13, -97
50, 2
54, -1
-17, -14
14, 16
-25, 83
-62, -27
7, 0
-77, -94
95, -80
-4, 84
30, -38
33, -89
-20, 37
-60, -60
64, -7
-65, 30
-78, 3
18, 26
79, 54
-83, -82
64, -73
-96, 6
29, -3
19, 90
-73, -78
-45, -42
98, -10
-75, 50
-58, -84
73, -22
-85, -40
5, 63
99, 31
29, 94
-72, 60
-44, 58
-36, 94
-69, -13
-8, 9
79, -38
-96, -71
-15, -1
35, 70
27, 2
-48, -55
94, -61
-13, 93
48, 15
-57, -98
-99, -20
43, -35
63, 97
94, -12
-25, 14
-23, 32
-94, 16
-93, -99
64, -6
64, 90
32, 35
98, -77
71, -30
79, 46
75, -96
65, 85
2, -2
62, 79
14, 34
16, -29
56, -52
19, 67
1, 75
-17, 73
10, -62
21, -16
-7, 1
15, -38
-27, -11
-79, 92
16, -98
44, -63
22, -54
79, 2
65, 50
33, -19
48, -2
15, -67
-45, -96
-49, -94
-69, 36
-59, -29
89, -5
84, 70
-67, 20
62, 56
-4, -72
81, 40
-75, -34
71, 66
51, 42
29, -95
74, 91
89, 26
93, -24
13, 96
22, 15
-91, 60
-57, 65
68, 46
-10, -42
0, -64
16, -32
97, -74
37, 35
-54, 45
97, -37
-71, -86
50, -81
52, 5
-91, -97
25, 69
-54, -9
-52, 17
-33, 71
60, -49
-74, -34
-50, 9
41, 11
8, 84
34, -11
97, 37
48, 10
77, -76
-55, 34
22, -48
-18, -47
-27, -26
-83, -14
-57, 52
58, 6
88, 88
65, 50
-14, 21
34, 89
-12, 70
-65, 5
-34, -43
-17, -62
41, 68
-28, 6
73, 10
-2, 65
100, 18
-56, -61
5, 99
-35, -20
54, 71
34, -13
-51, -56
-38, -84
-3, -89
-19, -40
31, -82
-93, -48
-53, -77
-100, 69
31, 42
92, -4
-46, 27
-72, -14
-41, -71
77, 53
-79, 93
41, -40
71, -76
-43, 71
21, 55
29, 4
-76, -49
-94, -15
-81, 56
48, 19
-81, -36
3, -82
-12, 8
-69, 41
19, 51
24, 47
72, 42
-99, 61
99, 93
-10, 90
83, 37
-100, -10
-55, -78
34, 71
9, -65
-89, 42
15, 54
27, 51
-77, 2
-2, -91
43, 69
-25, 33
29, 23
-53, -6
-79, 33
44, 28
21, -77
31, -63
-58, 94
98, -81
51, -23
-49, -50
39, 15
-48, 51
42, -88
48, 92
-27, 68
35, 17
-70, 60
54, -96
-11, 50
-54, -84
63, -78
14, 2
-46, -14
-26, 11
-14, 81
72, 21
63, 94
85, -70
81, -14
21, 88
-76, -46
-9, 49
41, 44
-58, -39
4, 71
-64, 3
36, 7
-51, -13
26, 96
-1, 42
84, -25
-28, 25
1, 64
10, 4
-83, 27
85, -11
-90, -99
2, 38
-61, 39
76, 47
50, 3
-56, 66
36, 67
-25, -4
-58, 24
59, -14
96, -21
-76, 25
-47, 43
-25, 72
-89, 5
73, -4
28, 57
3, 3
48, -97
-42, 75
22, 6
83, -29
-28, -89
80, 86
97, 75
-97, -100
95, 20
65, -21
1, 1
-10, 60
-61, 94
-86, -73
-94, -74
74, -8
40, -46
49, -31
11, -6
76, -8
80, -16
-79, -77
79, 32
-65, -17
-67, -75
-81, 86
-39, -94
-49, 86
47, -45
52, 85
19, 43
-65, 11
-20, -18
54, 62
-71, 14
15, -21
-6, 16
90, -9
53, -56
-23, -70
85, -51
-15, -32
-42, -67
-49, -27
10, -56
-85, -55
-62, 14
12, -51
-86, 76
-13, 81
69, -58
-5, 24
-55, 23
55, -28
-78, -76
-13, 100
91, -45
18, -17
-77, 81
-18, 98
67, 30
79, 34
-20, 0
71, 30
85, 50
95, -55
-20, 47
2, 97
0, 20
19, 56
-53, -21
44, -12
-49, 32
-79, -75
42, 55
69, -12
-81, -19
18, 1
-52, -33
44, 9
53, 88
12, -77
42, 56
-4, 57
-39, -26
42, -46
-29, -56
15, -23
92, -37
-22, 63
-73, 76
80, 19
70, 79
18, -5
-86, 22
-11, 1
40, -34
58, 64
-19, 65
-20, -44
-90, -74
-38, 78
84, 96
-86, -94
55, 41
62, 40
30, -87
95, 42
10, 30
-45, -41
-91, 57
-53, 43
-16, -56
3, -28
-11, 67
-66, 46
19, -35
46, 64
-21, -65
-4, -51
-33, 52
-25, 79
-19, -85
93, -20
35, -54
-50, 3
-99, 59
21, -44
71, 40
56, 41
77, 47
60, 91
34, -62
-51, 11
-65, -34
21, -64
-3, -56
-52, 78
-27, 95
7, -55
-54, 57
-90, -37
-52, -19
-11, 98
-83, -73
-85, -89
-47, 53
-78, -50
46, -32
-54, -48
84, 64
-72, 0
-73, -43
26, -22
86, 57
6, -68
-36, -65
-20, 22
86, 11
-94, -60
-40, -72
72, 26
-64, 98
-20, -28
-15, 88
-68, -43
89, 13
79, -13
-44, 95
-93, 69
-4, 70
12, -7
-64, -54
73, 10
0, 44
-90, -21
-74, -59
57, 5
-98, -69
-73, 2
-69, 77
-35, 98
81, -30
-66, 72
-56, -34
98, 3
-48, 46
42, 9
35, -27
31, -68
97, 49
-47, -20
-60, 96
55, -57
-92, 81
-98, -10
-27, 4
7, 83
9, 82
-95, -10
-41, -84
44, 60
40, -46
-13, -20
-63, -26
5, 56
-46, -28
-20, 50
5, 32
-75, 86
67, -14
-43, 41
87, 40
14, 85
-75, -16
-41, -91
-34, -27
-18, 30
71, 78
70, -9
10, 1
33, -63
-62, 49
-12, -10
-67, 20
-29, 85
0, 74
-89, 65
83, -13
-89, 27
4, -36
20, 82
-61, -55
4, 27
-21, 9
-57, 63
-20, 12
81, 58
68, 65
-30, 26
-16, 39
67, 34
86, -2
-49, 38
-18, 85
15, -45
95, 48
39, -86
54, 59
-61, -4
-44, -14
-42, -7
-7, 68
-80, 52
-67, 1
-33, -39
68, -53
10, -82
-80, -29
43, 95
-57, 85
-94, -19
9, -51
11, -4
-12, 99
47, -97
55, 6
-44, 33
71, -10
-68, 73
-12, -32
93, 64
85, -54
-60, -66
-51, -65
-27, -31
-90, 57
69, -91
-13, -79
86, -97
15, 79
-72, -100
-63, 96
-98, 24
32, -37
97, 78
99, -48
-39, 7
74, 78
-63, 42
42, 38
-31, -44
-20, -54
81, 70
35, -53
17, -3
-59, 20
11, 50
37, 67
-75, -10
-56, 17
61, -69
-10, 95
-36, 86
-98, 87
3, -47
42, -53
-64, 58
-23, -2
2, 23
39, 47
29, 98
76, -53
27, -29
-50, 31
-64, 81
36, 85
-34, -27
-59, 61
6, -67
-67, 90
10, -85
60, 5
93, 32
-55, -52
53, 74
70, 13
-65, -79
-12, -55
-59, -38
-14, -50
25, 1
2, -9
71, 50
-8, -79
-80, 14
5, -6
26, -29
44, 0
-22, 9
84, 52
9, 10
-34, 51
-40, 26
-25, 26
92, -39
47, -35
3, -90
37, -52
-27, -87
-49, 25
-36, -17
-94, -27
-21, -73
-89, 88
-60, 26
-89, 61
94, 21
13, 12
-94, -80
-29, -84
69, -21
83, -59
-80, -73
-55, -90
72, -90
72, -82
75, -22
-14, -25
-55, 65
22, -8
95, 24
-43, 86
-41, -46
-86, -94
-47, -2
-35, -78
-64, -30
89, 76
64, 22
-21, 84
41, -42
-43, -24
-48, -93
-24, -74
82, -84
82, -85
67, 89
-61, 84
-98, -72
29, -68
-36, 57
-80, -12
-79, 100
-85, 41
-19, -97
84, -72
-10, -38
75, -27
-33, -80
98, 95
85, -15
-2, 45
56, 72
-92, -87
-77, 7
-45, -94
-37, -90
61, -88
-15, -81
-37, 63
-31, 97
-10, 34
49, 88
20, 41
-44, -19
-19, 86
-18, 23
34, -83
11, 18
91, -71
-58, 66
-57, -93
-20, -83
76, -1
57, -21
-91, 77
-64, 31
14, 60
-51, -50
-76, 63
73, -71
-26, -25
51, 75
41, 60
89, -22
-54, 86
-70, 85
1, -44
41, -33
-59, -100
-27, -47
-10, 30
-77, -58
36, 57
-8, 61
-34, 98
-59, 32
93, -63
8, -6
23, 56
-65, 14
8, 23
-88, -37
-53, 41
-23, -64
24, -79
-56, 86
-99, -53
91, 41
-74, -30
-36, -96
96, -40
83, 20
80, 75
84, 42
-35, -13
50, 61
77, -65
25, 81
-50, -19
-46, 28
65, 59
-87, -25
-99, -4
21, -58
-5, 79
-1, -72
-91, 61
87, -22
13, 77
86, 3
-40, -25
19, 78
-58, -57
31, -20
50, 44
-49, 38
-38, -89
-84, 59
37, -7
6, 52
94, -99
-35, 69
80, 39
-16, 87
52, -82
14, -19
-82, -26
-25, -18
87, -30
16, 76
20, -90
-30, 90
10, -4
19, -64
-78, 65
-30, 100
-13, 59
30, -98
97, -42
-32, 14
100, 53
32, 64
22, -95
77, 67
84, -7
38, -90
-62, 62
73, 97
70, -3
-8, 55
41, 60
26, 29
43, -33
30, -76
8, 2
7, 29
82, -61
-50, 5
71, 52
21, -46
-29, 10
-42, 88
54, -7
23, -3
38, -51
-71, -63
0, 29
85, -87
-79, -70
20, -79
48, 14
-17, 79
43, 24
-11, 92
68, 87
72, -87
39, 24
-52, -58
-71, -73
-3, -44
77, -20
-27, 85
-44, -70
72, 20
-59, -33
78, 74
-63, -6
-46, 49
68, -13
-77, -99
10, -7
-4, -80
58, 63
58, 90
-33, -77
-74, 2
96, 64
73, -76
-50, 31
16, -45
40, -20
-6, -31
-16, 54
13, -67
14, 35
2, 15
-86, -75
87, -18
-2, 32
39, -42
-25, -11
-49, -57
-29, 22
-29, -91
-43, -93
84, -52
-91, -6
71, 89
-99, 46
4, -78
61, 35
-12, -46
-63, 73
-100, 78
-68, 13
87, -88
76, 87
-71, -58
17, 51
94, 67
42, -81
-15, -69
20, -12
-42, -5
85, 12
-30, -36
-99, -87
-40, -71
-82, -58
63, 47
-46, -24
-12, -35
-70, 2
-8, -41
41, 13
-85, -79
-30, -1
47, 42
69, -11
17, -17
-43, 68
-41, 28
-85, 73
9, -64
-47, 99
-48, -48
66, -17
73, 0
63, -55
64, -74
-26, -77
10, -13
-83, -10
-40, 43
-91, 70
-32, 49
-17, -20
-78, -10
-87, 82
82, -47
-8, -8
60, -89
75, 90
-92, 26
-24, 88
-26, -12
22, 81
-72, -72
74, -4
57, 71
-38, -52
27, 12
-74, 82
-48, 33
42, 95
65, -100
28, 16
84, -4
-47, 47
-21, 58
-19, 95
67, -62
-55, -9
7, -14
-60, 3
62, -37
-61, 34
65, -77
-40, -100
84, -92
-91, -23
87, -95
21, -10
81, -81
10, 57
23, -13
-37, -34
7, 69
-42, -7
-32, 26
21, 1
71, 8
-30, 39
-99, 34
-48, -15
20, -44
-43, -41
-61, -11
-7, -97
-89, -11
-64, 99
35, -51
-82, 93
-68, 79
59, -66
40, 8
-14, 42
-15, 79
-96, -28
35, 51
-12, -9
-80, 41
-40, 91
88, 8
61, 23
-79, 26
-98, 35
92, -14
-8, 42
97, -90
-72, 13
-3, -38
-54, 77
73, 55
3, 30
-6, -84
-86, 52
-98, 84
89, -18
-59, -97
65, -55
35, -17
-72, -82
-3, 97
83, -37
-20, -48
-39, -9
-29, 75
1, 79
-69, -85
50, -2
-42, -95
41, -47
-45, -25
-75, 51
52, 31
-87, 18
-22, 42
1, 53
6, 42
16, -58
35, 21
60, -39
-12, 66
-49, -21
67, 72
47, -25
-83, 45
-68, 61
-92, 88
13, 58
-25, 94
59, 51
79, -77
-99, -61
-97, 19
-49, -66
31, 33
-67, 10
39, 80
28, 53
-48, 19
89, -35
71, 73
35, -13
-27, -20
32, -36
29, 83
-95, 15
56, -11
95, -78
-45, 32
-22, -18
-75, 65
39, 74
98, 53
54, 56
-63, -94
47, -47
96, 56
94, -42
-10, 71
-26, 17
42, -80
-66, -100
17, 26
67, -69
4, -91
-22, 0
79, -21
79, -67
-70, 98
-92, 28
66, 11
28, -2
-54, 49
-14, 2
16, 77
-50, 21
-78, -16
98, 7
3, 32
96, -85
85, -16
5, 50
19, -35
78, -100
95, -28
71, 32
2, 91
-74, 27
-1, -4
-74, 8
-22, -74
-95, 43
-43, -84
16, -22
91, 16
35, -36
86, -56
61, -15
15, -37
83, 11
76, -85
22, 63
-76, -5
7, 19
-36, 5
-15, -30
-92, 18
-22, -73
86, 97
54, 89
83, -43
-50, -85
-29, 38
-86, 33
9, -15
-100, 84
-32, -3
0, -49
54, -65
30, -50
46, -47
53, -85
-59, -85
-98, -9
3, -36
-7, 11
-59, 61
11, -92
81, 94
-99, 6
-4, 61
-100, 38
6, -71
99, 84
-95, -24
-10, 68
-63, -22
-8, 43
41, -97
-78, -84
44, -14
61, 46
-18, -37
40, 45
-45, -50
91, -59
-71, 89
94, -63
-30, 45
-20, -22
-2, 89
-86, -94
8, -85
-16, -26
-70, -62
-18, 13
11, -61
18, 61
84, 97
-53, -88
64, 44
79, 76
-7, -44
96, -96
-86, -4
79, 47
87, 97
16, 30
77, 3
-57, 63
65, -54
-3, -18
46, -81
24, 90
0, 72
99, 76
-78, 40
19, -87
38, -85
14, 52
-41, -59
-68, -53
-54, 9
-59, -2
-23, 2
37, 98
0, -100
-71, -16
10, 63
-88, 36
-79, -100
-91, 95
18, 67
0, 45
73, -84
51, -29
31, -28
-23, 43
-58, 3
-30, -93
44, -95
-27, 7
94, 22
27, -35
97, -41
22, -22
44, 43
5, -90
70, -42
17, -77
7, -48
-66, 22
17, 8
46, -3
90, 16
-3, -57
66, 92
78, 37
81, -43
-45, 83
91, -86
-3, -33
-3, -98
11, -70
99, 66
99, -76
4, 34
-60, 65
-32, 74
-98, 98
49, -27
-92, 82
1, 100
53, 59
76, 95
-68, -37
-36, 25
-21, 68
57, 86
-47, -3
-70, -3
8, -25
41, -38
8, -87
30, -41
64, 36
0, -86
39, 66
82, -21
-98, 0
-95, -38
78, 13
-37, -67
35, -45
-70, 97
-37, 91
27, -14
92, 85
-93, 57
-91, 40
-67, -81
-78, -27
9, 21
-88, 51
22, -72
-43, -98
28, 25
26, 85
77, -71
-55, 67
-60, -38
-88, -59
21, -96
5, 30
-82, 71
-30, 71
-48, -58
89, 85
-70, 34
-63, -37
-36, -12
73, -87
81, 8
-15, 17
45, 57
93, 56
97, 18
84, 86
-29, -34
20, 78
10, -97
-45, 40
-57, 46
-42, -25
-39, 89
49, 66
-76, 93
-13, -84
89, 42
1, 31
4, -81
-80, 83
-85, -100
84, -1
-19, -92
-100, 96
-92, -70
-69, -32
-73, -97
62, 96
-74, -29
-62, -77
76, 94
84, -29
-4, -17
80, 29
43, 100
-64, 47
22, -38
81, 4
17, 67
18, -20
-91, 96
-100, -2
-60, 15
-38, -69
-95, -88
-69, 6
79, 57
-18, 44
86, -77
-50, -36
-34, 65
57, 48
-43, -3
-66, -81
-2, 49
85, 20
43, -21
-3, 58
44, -12
-64, 21
97, -88
-96, -23
-12, 69
-67, 25
-36, 40
-90, 66
-12, 3
91, -8
55, 61
67, -65
-71, 68
33, -57
26, -26
-73, 63
58, -59
-92, -21
86, 15
-73, -75
-53, 20
16, 77
6, 25
46, 24
-80, 40
-84, 9
-94, 39
-17, 88
10, -88
-23, -12
-32, 13
37, -100
64, 59
-94, -63
68, -59
70, 3
-96, 47
34, -68
73, -37
79, 18
22, 40
73, -33
-63, -39
73, -25
43, -67
-41, -80
6, 39
-1, 97
-79, -23
-8, 9
28, 79
78, -88
44, -29
85, -44
-98, 85
-52, -87
-98, 22
16, -97
-54, -30
-3, 92
-97, 0
59, 11
-29, 71
58, 35
-1, -84
11, -63
-94, 54
18, -86
70, -66
46, 1
-63, 1
33, -9
86, 37
-88, 32
26, 100
-84, -87
41, 9
-17, 37
84, -45
-65, -34
-71, -100
-15, -32
39, 9
-26, 67
92, 9
-55, 19
-60, 52
89, -84
-75, -68
23, -63
-62, -9
-7, -85
70, 100
72, -38
23, -41
56, -80
63, -15
-95, -57
-71, 2
33, 84
-35, -36
-20, 35
28, 40
-75, -17
-55, -81
73, 84
-90, 94
34, -2
-14, 97
19, -45
-36, 25
13, -55
56, -14
-24, 18
92, -81
-16, 30
-9, -86
-5, -84
26, -33
2, 64
-53, -70
62, 30
17, 85
-4, -96
-10, 48
-100, -36
-92, 42
-70, 92
-26, 78
-100, -85
98, 97
56, -78
36, -2
72, -17
83, 79
25, 54
-21, -67
-78, 22
96, -91
-58, 78
23, -40
50, -36
-4, 58
-88, 54
-78, 88
-42, -82
57, 74
73, -75
19, 37
46, -47
-64, -7
-13, 44
-62, 53
-13, -87
-47, 19
-29, -84
38, 94
-4, -62
