8000
3, 62
0, 15
44, 8
31, 55
-79, 71
23, 8
39, -50
-32, -66
-45, -86
-90, -21
16, 47
34, 82
-53, -66
-3, 88
-18, 47
-60, -23
-76, -100
-78, -71
83, -18
29, -66
-52, -19
84, -41
20, -88
-41, -24
-36, 11
99, -13
-48, -57
14, -15
-90, 79
53, 14
-10, 0
27, 62
-61, -42
3, 12
-72, 91
-89, -95
80, 33
28, -26
-36, 90
-19, 80
-10, 45
-58, -39
-92, -47
-23, -9
70, 52
81, 88
-8, -18
-93, 24
22, -15
59, 46
2, 32
-6, 87
-60, 53
91, 41
-3, -62
12, -67
-68, 89
12, 88
99, 74
3, -63
97, -79
-27, -49
86, -80
51, 78
-50, -100
81, -38
-33, -54
-90, 73
-25, -20
-51, 91
68, 21
91, 69
-43, 1
-15, -93
-94, -60
23, 76
-17, -1
95, 50
8, -32
-43, -1
5, 39
-40, -57
-65, -55
-6, -33
63, 60
72, -37
29, -5
3, 53
-27, -61
17, -30
88, 6
25, -58
90, -54
-64, -17
64, 77
11, -18
-33, -39
-89, 69
88, 40
19, 64
-29, -88
49, 68
91, -22
-17, -99
-16, 42
-8, 18
-70, -35
30, -61
61, 35
100, -76
-21, -39
11, 8
-99, 30
-3, -56
-16, -93
56, 48
24, -59
20, 77
-42, 93
85, 99
-6, 33
-94, -49
-99, 32
50, 30
8, -14
13, -40
57, -96
-62, -95
76, 28
-26, 58
77, -81
67, -59
70, 47
-20, 6
87, -92
100, 24
100, -89
75, -29
49, -6
-57, 13
70, 99
44, -34
-45, 54
22, 60
-38, 94
63, 31
33, 17
3, -72
-37, 54
-2, -41
83, 13
67, -69
38, 60
90, -63
86, -80
40, 88
-45, 98
-53, -43
99, -7
65, -63
93, -37
-62, 13
77, 29
-11, -27
78, 30
81, -81
-7, 41
90, 62
-99, -60
7, 28
98, -18
60, 60
84, 20
91, 53
-92, -75
51, -46
-81, 30
-35, -91
-14, 9
-45, -39
-56, 62
-62, -70
-48, -9
-22, 85
6, 72
-66, 20
-3, 33
-5, 49
82, -80
66, 69
-17, -27
87, -14
43, 33
61, 93
60, -21
19, 27
-56, 72
-86, -24
-83, 16
61, -50
21, 34
-49, -95
41, -67
-68, -34
-72, -45
-17, 60
-50, 68
10, 32
-6, 4
75, 23
46, 67
-67, -17
53, -67
-100, -79
74, -5
16, 58
53, -77
-24, 91
54, -27
17, 76
27, -51
-88, -30
96, -30
5, -80
-89, -40
-56, -27
96, -31
87, -87
-74, -25
-29, -10
63, 43
38, -7
-53, -10
48, -64
-7, 3
1, 89
55, 87
-72, 49
68, 8
33, 57
92, 11
-13, -80
40, 90
76, 43
90, -44
22, -54
13, -2
-55, -76
41, 64
-29, -48
-97, -47
78, -54
77, -12
-37, -20
64, -24
24, -51
-4, 46
-79, 56
-74, 12
45, -70
-60, -68
-46, -76
-6, 96
72, 73
77, 61
71, -69
36, 24
-73, 52
70, -65
-45, 55
49, 67
-56, 24
-58, -62
-94, -89
3, 15
31, 51
-52, 30
86, 60
60, -4
8, 63
-88, -78
81, -96
70, 1
32, -44
37, 92
-51, -91
43, 47
-2, -50
52, 59
-33, 12
40, -93
57, -61
-87, -1
-9, -98
52, 6
8, -16
62, -64
90, 46
-77, -96
-65, 45
77, 98
-23, -28
-35, 34
89, -9
93, -6
42, 25
76, -23
-48, -15
-82, -65
69, -22
-34, -45
-42, -44
46, -95
24, -2
36, -70
-91, -89
93, -33
-96, 5
-31, -76
19, -27
-2, 3
54, 84
-13, 15
65, -91
60, 97
27, -85
-49, -1
-23, 72
-79, 48
-16, -86
-86, 89
71, -23
-35, -84
96, 55
91, -87
11, 17
21, 80
-89, 15
-93, -53
50, -64
-15, 75
86, -78
31, 98
-1, -70
-18, -10
-58, -57
48, 4
-81, -40
-13, 34
85, -22
59, -48
98, 66
-2, -69
42, -76
67, -53
-99, 49
49, 3
-8, 94
-64, 79
9, 59
-93, -21
-16, 71
-48, -20
-3, 0
-12, 94
47, -34
-80, 77
69, 87
25, 61
-63, 84
94, 49
75, -71
16, -33
42, 35
-86, -35
36, -20
50, -43
-30, 23
51, 26
-24, 49
-67, -52
-57, -2
-74, -69
-81, 21
93, 79
8, 2
53, 15
-63, 25
-8, 24
89, -77
90, -61
15, 26
-65, 25
30, -23
-90, -58
-95, -34
2, 87
72, 83
80, -100
87, 64
-62, 81
-92, -34
-36, 54
89, 37
41, 30
69, 1
79, 40
84, 23
-4, 20
93, -69
62, -46
50, 23
70, -73
69, 18
89, -61
-93, 2
10, 20
44, -34
34, 66
11, -86
32, 38
-11, 68
41, -3
57, 36
52, -85
73, -100
-88, -63
25, 20
-36, 82
60, -97
78, -18
-66, -14
-27, 69
-22, 2
60, -95
-27, 61
-61, 15
-94, -73
29, -38
-71, -84
-55, 11
-40, 24
69, 75
20, 49
32, 70
15, -55
-73, 29
-38, -60
-6, -72
6, 53
71, 97
62, -9
-57, 78
42, -89
16, 84
-31, -94
2, -96
51, 51
-30, -83
-68, -89
-77, -86
-50, 56
-68, 95
-13, -5
68, -11
-29, -9
-81, -100
-100, -87
53, -60
49, 20
-2, -87
17, 87
-63, -69
0, 53
0, 9
-15, -64
5, -44
95, 57
-44, -11
54, 46
-47, 63
95, -67
-43, -12
-77, -90
71, -69
-41, -27
-33, -69
-48, 11
-56, -60
-77, -82
-19, 99
-4, -57
66, 45
-29, 58
-55, -44
-17, 13
-45, -31
22, -90
-36, -40
90, 4
-7, 31
-35, -74
-71, 76
-53, -21
-2, 13
68, -47
90, 6
-88, -76
51, -72
48, 42
-54, 44
-71, -98
-98, 19
31, 100
97, -30
-18, 63
-34, 93
-14, -82
-13, 84
-52, 65
-57, 71
16, -53
-89, 13
-4, 96
62, -6
47, 40
-36, -41
-76, 9
-58, 92
-25, 2
-36, 22
-5, 7
76, 0
28, -54
-62, -80
-8, -97
-84, 6
-53, 95
2, 57
71, -27
-3, -87
84, 98
-56, -11
18, 43
54, 41
1, 84
51, 36
91, -67
-64, -55
64, 5
-28, -100
-87, -43
87, -82
97, -66
-77, -91
57, 43
40, -61
-19, -81
2, 88
-95, 88
-40, 37
51, -56
79, -5
-59, -7
-82, 51
34, -9
11, 72
98, -1
-58, 0
16, -100
-87, 78
-80, 62
-92, -39
80, -90
1, -2
23, -88
-62, 34
-39, -68
61, 95
7, 59
-52, -52
93, -73
-45, -33
27, -61
36, 100
-89, 31
50, -62
86, -10
-32, 68
33, 78
70, -67
96, -78
11, -92
-60, -13
80, 75
83, 42
-33, -12
98, -60
100, 34
-53, -26
67, -37
-25, 12
46, -45
-72, 17
-27, 69
-68, 81
44, -73
48, 22
43, -38
28, 73
-7, 37
22, -99
6, -11
54, -13
-4, -3
-15, 14
-5, -23
-47, 98
-95, -81
-33, 52
-43, -19
-62, -57
-26, -19
53, -47
94, -79
84, -85
-34, 0
-37, 96
47, -97
-52, 88
-32, -73
-75, 22
-61, 10
72, 71
7, -9
17, 59
-28, 97
22, -40
-24, -79
-7, -40
91, -19
-89, 92
60, -5
86, 95
-90, -61
-49, -12
-29, 70
-5, 31
-80, -4
87, -82
39, 6
40, -29
-6, 86
62, 40
19, 62
-71, 21
19, -50
1, 55
-38, 65
-64, -85
96, -99
-67, 90
53, 24
78, 21
96, 32
26, 89
-45, 21
-91, 57
-22, 91
-29, 1
-86, -38
-56, 52
-88, -98
6, -18
73, -84
92, 11
-49, 2
-70, 49
92, 14
-26, 37
49, 67
40, 69
-5, 71
-2, -1
77, 53
-29, 46
-65, 14
-74, 65
93, 32
-34, -66
99, 32
-97, -52
-36, 95
96, 16
41, -37
-19, 63
100, 24
-93, -61
-41, 79
-1, -69
-8, 71
-72, 92
-35, 14
-19, 78
96, -50
-54, -52
12, 68
-58, 68
-71, -72
1, -83
-78, -31
-56, -78
73, -27
-21, -78
24, -26
30, 23
21, 25
-24, -13
90, 27
-30, 12
3, -58
-94, -51
-4, -87
97, 48
57, -43
-62, 97
-87, -84
80, 42
86, 97
-18, 19
37, 18
87, 21
56, 80
86, 7
-40, -97
-73, -95
29, -78
-71, -57
94, 2
100, -97
26, 69
-53, 95
40, -8
-97, -5
24, 38
-7, 60
-80, -26
47, 20
-55, -35
-7, 74
49, 62
67, -52
-87, 53
-55, -6
3, 15
47, 14
98, -79
-71, -81
39, 93
73, 97
-62, 90
50, 68
33, -94
46, 18
-13, -37
48, 100
-79, -66
0, -63
-97, -92
67, -16
-25, -3
3, -48
-54, -25
-54, 38
-85, -42
-67, 20
30, -58
67, -18
81, -64
-32, 6
2, -4
-8, -14
81, -71
-3, 48
-28, -80
-43, -17
8, -63
-4, 25
-18, -71
-49, -47
98, 54
72, -41
99, -30
-91, 29
41, -55
-77, 8
57, -99
-88, 58
92, 48
-6, -48
-40, 70
-64, -51
-36, 43
-34, 21
14, -93
-90, -86
53, 97
-45, 74
-89, -36
10, -66
-84, -57
86, -97
73, 67
75, -76
-81, -21
-62, 0
87, -49
-4, 54
-7, -89
67, -76
-17, -90
-52, -83
-23, 53
-96, -90
-36, 31
66, 62
2, -85
-8, -3
-59, 4
41, 58
97, 34
26, 66
-85, -11
37, 80
10, 47
52, -23
93, 86
-47, -31
21, -94
18, 64
42, 90
55, 93
-15, -96
-25, -38
79, 97
-61, -29
-94, 69
49, 38
18, 49
-87, -47
-42, -95
8, 60
11, -75
-29, -30
-92, -27
51, 58
-16, -9
-7, -87
25, 38
-15, 74
-63, -8
-23, -32
-13, 56
75, 4
84, -29
54, -63
34, 28
2, -95
-43, 24
6, 69
-3, -95
46, 3
-48, -22
-38, 34
-15, 74
-24, -38
94, 80
-42, 26
-64, 58
75, -2
-96, -36
80, 34
27, 62
100, -61
-17, 28
12, -17
-27, 51
68, -97
95, -98
84, -87
23, 99
96, 67
-94, 25
-41, -79
-53, 10
-53, 65
30, -20
23, -66
-6, 77
-56, -18
34, -94
31, 55
34, -71
38, 67
91, 79
62, -63
71, -38
-38, -99
-62, 63
6, 99
40, 46
-39, -46
-23, -11
-87, 27
0, -91
-36, 95
-1, 37
68, -79
-58, 63
-90, 68
89, 74
-60, 65
47, -6
-11, 2
-20, -3
-74, -71
-56, 36
54, -39
70, -68
-56, 25
84, 16
-50, 25
33, 30
-48, -68
-65, 34
78, 34
45, -11
52, -33
-64, -48
-46, -91
72, -65
-92, -29
-70, 31
-3, -92
-36, -88
25, 78
-86, 2
49, -68
-6, -16
5, -97
-85, 19
-12, -55
98, 45
-38, 66
99, -37
29, 24
-92, -18
34, 85
-99, -13
-4, -34
31, -28
-73, -61
99, 2
54, -48
24, 24
53, 41
37, -84
-14, 70
-88, -10
-87, 24
-42, -100
6, 79
-31, -64
-75, 50
9, 70
23, -33
88, -96
58, 56
80, 46
5, 2
-19, -92
-8, -24
-7, 1
60, 75
-39, -57
-45, -46
4, 83
93, -70
-68, 8
79, -78
40, -28
-96, 61
-95, 21
84, 4
-22, -95
27, 24
-99, 0
95, 16
47, 1
49, -48
28, 6
-52, 64
-82, -89
33, 25
-34, -10
-42, 92
17, -33
-5, 98
39, 83
56, 72
-29, -78
75, 53
49, -8
15, 71
-39, -55
0, -97
-9, -28
-7, -2
-99, -90
-41, 49
98, -22
86, -38
28, 49
99, 95
-52, -62
53, 44
73, -8
-88, 36
94, 99
25, 40
-71, 5
18, 7
-98, -10
-74, -42
77, -87
-42, 58
36, -58
84, -66
-29, -35
56, -91
31, -52
47, -45
26, 81
-93, 56
90, -21
-55, -76
-27, -79
-84, -77
-100, 25
12, -78
4, -36
46, 92
-14, -19
-65, -64
29, -46
-85, -88
15, -24
-99, 74
55, 78
69, -99
-67, 83
42, 1
83, 87
12, -86
-4, -100
46, 22
-18, 40
-69, 64
-8, -43
1, 46
-1, -27
77, -57
49, 10
-66, -24
15, 53
69, 4
-2, 55
6, 86
28, 87
80, -4
-38, -11
-63, -98
82, -31
40, 86
1, -70
-50, 66
-20, -51
-13, -96
95, -96
-76, 14
99, -8
92, -42
-80, 7
49, 87
78, 98
23, 25
-6, -72
8, 44
84, -87
70, 32
92, 44
25, 58
9, 56
-13, -78
93, 35
-51, 60
-65, 91
-79, 99
33, -100
-7, -72
74, 74
-26, -57
-88, 22
94, 80
-64, 52
-24, -4
79, 97
-26, -89
36, 33
37, 55
-94, 70
49, -97
100, -93
1, -90
-4, -46
-22, -50
-82, 48
-91, -15
-25, -54
-91, -25
-5, 6
-26, 75
68, -14
-46, 80
63, -67
44, -73
91, -99
-53, 22
-94, -40
30, -74
10, 97
-50, -19
40, 38
90, 18
-13, 76
22, 33
-13, -74
30, 58
95, 47
14, 15
-13, -91
42, -26
-26, -33
-1, -36
-95, 48
45, 71
47, -11
4, 45
43, 53
36, 88
-35, -4
-89, -9
76, -2
2, 85
-7, -74
20, 91
24, 46
-59, -82
-21, -45
27, 39
-98, -34
-97, -15
-76, -23
71, 16
-15, -3
17, -45
-81, -42
59, -72
60, 31
-100, -99
-7, 99
-15, 90
-70, -24
90, -92
-38, 17
-70, 62
89, -65
74, -40
55, -26
7, 28
-29, -100
19, 59
70, -70
-13, -85
-27, 70
-51, 44
6, -88
65, -56
22, -36
55, 64
-2, 66
-34, 26
86, -54
-7, 12
-62, -48
-73, -61
-56, 18
-55, -14
71, -93
13, 64
-70, -25
-72, -63
-88, 27
74, 72
26, -30
43, 52
-74, -70
-41, -6
37, 25
12, -45
22, -4
29, -2
-31, 98
70, 7
-98, -41
74, -44
-87, 95
55, -37
-89, -48
73, -55
92, -83
-2, 18
23, 8
50, -98
42, 34
-93, 73
12, 30
87, -60
76, 42
-100, 28
-91, -65
-96, 49
73, 84
-44, 42
95, -41
91, 86
-25, 42
90, -39
27, -70
-9, -59
47, 85
-90, -39
-11, -56
-29, -56
-82, 49
2, 98
-61, 43
-78, 93
23, -7
-100, 6
84, -43
44, -54
26, -83
33, -12
92, 9
-56, -6
89, -9
96, 98
7, 88
97, -78
-2, -39
69, 82
-55, 22
41, -76
27, 40
75, -50
19, -3
-71, 0
-10, 8
-93, 77
-98, 89
21, 94
88, 56
-6, -73
-95, -4
-95, 95
0, 1
-18, 9
59, 58
-11, -24
71, 63
33, -51
61, -2
-74, 8
-8, 83
48, -35
-37, 80
-39, 51
14, 90
-42, 80
91, -92
88, -74
-61, -54
-58, -83
-18, 11
97, -70
83, -72
54, -83
-100, -46
98, 57
0, -19
17, 50
-52, 3
-74, 91
-25, -94
-88, -32
67, 93
-41, -21
67, 6
-80, 19
-19, -1
58, 23
-22, -74
96, 86
6, 79
-38, -45
34, -90
35, -97
66, -81
3, 64
36, -67
-2, 88
-15, -26
40, 99
-6, 56
98, 68
53, -80
66, -24
82, 58
39, 2
-92, 20
87, -93
-72, 6
36, -26
39, 27
-46, 55
71, -44
-59, -58
55, 71
37, 8
2, 19
-32, 65
-2, -6
58, -77
-77, 76
-79, 26
18, -80
-5, 54
-73, 51
-74, -67
-82, -99
24, 21
-50, -7
24, 67
56, -43
33, 72
13, 54
-10, 23
83, 51
75, 68
-84, 59
-11, -20
-87, -84
-25, -68
-59, -71
4, -61
-100, 90
14, 63
78, 5
30, 75
100, -21
-36, -36
-93, -40
-56, -41
-17, -77
64, -46
51, -32
-86, -2
-15, -69
59, -84
2, 99
47, 23
-91, -23
-3, 5
69, -5
-34, -34
51, -2
-6, 68
11, 27
-88, 13
50, 59
-63, -59
90, -90
13, -73
-68, -25
52, 80
-55, -37
-35, -39
23, 55
-30, -8
50, 0
-23, -85
61, 94
59, -96
-67, -56
-92, -77
93, 16
-52, -45
71, 16
-55, 24
-13, 44
-12, -2
66, -84
35, 14
-35, -27
-6, -1
-69, 39
89, -2
-11, 21
52, -56
-87, 77
-16, -47
13, -66
88, -34
57, 82
100, 14
2, -39
59, -47
-15, -58
-73, -89
83, 38
22, 17
58, 32
52, -88
-50, -36
-43, -56
56, -57
-37, 37
-99, 93
25, -43
-25, -65
-59, -97
-36, 6
19, 33
-73, -47
58, 34
17, 43
-24, -99
-74, 72
20, 77
-22, 82
40, -7
-51, 12
-20, -57
17, -5
-91, -4
35, 96
-61, 79
-27, -35
67, -41
-86, 52
82, -90
94, -74
-46, 32
-48, -36
48, -58
18, 47
73, -68
-64, -12
-23, 49
75, -40
-37, -93
-52, -88
-14, 95
37, 25
99, 61
-27, 60
48, -7
-52, -54
4, 55
-67, 42
-88, 80
-22, -80
-85, -14
-22, 10
68, 25
36, 38
-32, -29
96, 72
-78, -74
4, 65
37, -2
20, 37
-61, -28
85, -84
-78, 54
75, -85
25, 60
-22, -24
-27, 92
-94, 7
-68, -69
89, 35
82, -35
-4, 56
-15, -38
-39, -34
-100, -27
26, 33
-87, 44
4, 11
77, 20
75, -42
76, -54
-83, 64
33, -83
11, 31
-29, -3
8, -37
64, -73
68, -44
85, -56
48, 66
45, 43
89, 80
83, 23
-39, 73
-20, 21
-61, -96
-80, 71
42, -79
-58, 19
-76, -38
-56, -26
20, -26
-28, 45
70, 23
74, 68
94, 68
-68, 69
90, -62
52, -77
94, -83
-38, 34
43, -67
18, 80
-8, 35
-9, -30
12, -94
32, 70
1, -64
-60, -50
-41, -12
52, -64
35, -93
-90, 38
-38, -14
-92, 87
-38, -31
35, 6
-84, 55
95, -60
51, -100
70, -32
62, 37
-26, 64
-34, -71
82, -20
-93, -89
67, -100
-60, -26
10, -33
50, -94
-26, -75
-7, -91
64, 50
8, 56
-10, 59
2, 11
-39, -50
-26, -96
98, 4
42, -75
68, 47
-76, 52
60, -15
-13, 82
-100, 64
44, -95
36, 39
24, -68
44, -59
83, 93
-74, 93
-58, -55
-66, -59
59, 26
-49, -84
44, -24
37, -34
6, -16
29, -30
17, 49
-54, 25
33, -32
3, 30
47, 51
-89, 17
30, -48
23, 10
-60, 26
-43, 79
30, 37
-83, 38
82, 52
35, -3
-73, 47
48, 96
-48, 17
15, 18
-41, 10
-81, 96
93, 45
7, 29
21, 29
-47, 25
38, -21
12, 65
-41, 71
26, -76
22, -4
-29, 1
79, 11
62, -50
43, 95
-2, 75
80, -67
-11, 25
-43, -6
-45, 62
-46, 59
-86, 4
-85, 55
17, -43
58, 1
30, 49
81, 82
-56, -83
54, -31
1, -72
25, 25
75, 66
-91, -52
-72, 33
18, 66
-68, -97
-49, -63
51, 8
-23, -88
25, -57
-50, -64
45, -100
-25, -30
51, -19
63, -91
53, 42
-21, 77
-12, -57
-68, -31
-87, -94
89, 27
24, 65
71, 19
78, -14
-72, -77
-97, -35
87, 7
-58, -30
16, -80
58, -83
63, -11
-7, 2
-15, -76
-62, -80
-18, 32
86, 43
-64, -4
16, -56
-6, 84
57, 100
96, 86
-54, -26
-24, 41
-36, -46
45, -63
-34, -16
79, -73
-36, -39
-56, -32
-28, 37
-58, 73
2, 28
-38, 31
77, -77
94, -2
-88, -21
-12, -18
31, -55
-4, 27
38, 88
-27, -60
14, 23
43, -32
95, 74
-67, 31
-94, -79
78, -8
-32, 21
-3, -70
-19, -83
-44, -73
97, 2
-46, -69
62, -91
90, 73
-4, -13
4, -65
18, 35
71, 32
6, -79
79, 72
-50, -26
-4, 32
89, -55
-64, 31
-61, 27
73, -94
-3, -62
62, 12
-32, 31
54, 87
-60, 63
8, 59
-73, -71
0, 21
76, 21
-100, -32
57, 57
-65, -78
57, 53
-7, -77
-43, 56
87, 98
40, -3
-12, -37
32, 33
29, 74
60, 100
98, 64
-69, -30
9, -93
-32, 35
28, -21
-45, -58
-97, 15
67, 12
85, 49
-13, 21
-15, 45
21, 26
6, 71
27, -32
11, 90
17, -90
-72, 68
-85, 84
83, 77
94, -94
51, 80
-25, -35
-6, -17
-25, -68
-48, -95
-14, -93
5, -71
5, 66
-74, -31
27, 82
95, 10
90, 97
-18, -13
-74, 51
46, -3
100, -54
-90, 71
67, -38
-56, 3
-55, 41
-16, -1
-35, -84
-74, -90
-83, 2
41, 80
-85, -77
-56, 56
67, 52
-16, 43
-89, -30
-24, -23
82, -1
61, 18
27, 2
8, -88
-72, -44
45, 41
53, 8
-59, 50
13, 54
-46, 50
-58, 3
92, -74
94, -69
50, -15
63, 92
-89, -73
25, -12
-91, -71
84, -49
-22, -81
95, 36
-35, -41
72, -59
4, 37
-37, -54
39, -63
-36, -95
63, 70
-53, -24
-47, -79
99, 28
-9, 39
63, -97
-5, 15
-26, 99
-25, -33
26, 7
-20, 26
-93, -8
45, -77
68, -75
73, 17
-35, 94
12, 68
96, 65
75, -82
-67, 6
-51, -1
15, -79
-44, 45
-34, -52
-88, -62
-7, -8
66, 47
-60, -68
38, 62
63, 23
7, -64
-86, 39
-16, 66
-10, -29
-98, -51
-17, -38
38, -13
-46, 60
-27, -93
94, 32
-39, -27
-90, 51
52, -42
-34, 89
85, -9
66, -2
11, -21
-85, 28
30, 15
80, -98
-12, 31
58, -52
15, 9
-30, 70
65, 12
64, -93
64, 79
17, -66
-61, -58
84, 89
-76, 60
85, -78
73, 99
86, 40
-60, 81
88, -36
-68, -37
2, 100
5, -2
14, 85
25, 9
80, -41
-39, 21
46, -22
0, 61
-53, -69
61, 67
-49, 53
12, -46
57, 38
-75, -13
-71, 99
-77, -70
-73, 6
-39, 59
-94, 44
18, 29
-59, -42
45, -65
-71, -93
-65, -52
4, -90
40, 5
-44, 91
2, -57
-64, -62
-76, 4
79, -67
76, 50
3, 10
68, -95
-76, 82
35, 19
56, -54
11, 38
44, 33
48, -1
78, -67
36, -67
5, 48
-16, -76
80, 50
-28, 91
40, -74
63, 24
-75, 3
-97, 45
-38, 65
84, 28
-62, -91
78, 15
-12, 76
-31, 42
18, -88
-51, -44
-34, 87
-97, 34
74, 53
22, -2
-59, -25
9, -52
-7, -35
-39, -16
-54, -38
-58, 1
-13, -21
61, -19
-72, 32
25, 25
-60, 19
-13, 89
-60, -78
71, 55
92, 44
0, 5
-7, -3
-84, -31
63, 73
-37, 65
70, -19
-31, 84
-6, 63
97, -55
-79, 18
88, 85
30, -91
54, -62
5, -21
-5, -21
-52, 7
31, -86
-58, 60
74, 69
-63, 21
80, -14
-26, -74
-74, 33
82, 29
-68, -23
-76, 40
32, 10
21, -76
91, -6
-84, 74
49, 14
-76, 71
-37, 88
11, -47
28, 92
17, -20
-72, -69
-84, -53
-49, -61
-21, -42
-34, -70
-60, 3
-85, -34
-83, 38
-39, -92
49, 26
71, 60
50, -12
18, 23
-81, -88
37, -93
-65, 47
46, 100
-51, 48
-16, -60
21, 35
-32, -63
-13, 72
43, -42
-12, 42
-32, -93
-5, -72
96, -88
-69, 75
-45, -83
1, -85
26, -32
-87, 22
96, 47
75, 53
7, -43
56, 32
-80, 82
-100, 67
44, 37
-96, 31
-12, 19
91, 8
-86, -66
35, 27
-37, -93
59, -64
14, -63
-16, -55
43, 29
-72, -41
69, -82
65, -55
-28, 56
-96, -87
-38, 92
89, -85
37, 35
-69, -30
6, -61
43, -33
11, 14
-56, -13
58, 81
-100, -83
-65, 58
25, -26
89, 9
6, 27
33, -86
54, 30
86, 33
47, 68
65, -18
53, -80
-76, 21
2, 95
45, 38
-73, 90
-92, 14
68, 80
-80, 15
9, 13
80, 14
3, -90
29, 99
36, -99
-83, -42
43, 53
-14, 31
-11, 21
-51, -13
51, 19
-68, 73
3, -16
-24, 48
34, -47
-68, 99
-84, -94
-89, -95
-54, 88
34, 89
77, 42
-97, -93
-6, 54
45, -31
-18, -17
75, -24
92, -44
62, 3
88, 7
60, -34
-24, -96
96, -56
-88, 23
-11, 60
-44, 61
78, 50
-1, -61
45, -48
57, -38
65, 95
-20, -53
-74, -42
23, -42
12, 95
-43, -8
10, -36
-86, -100
-64, 89
-19, -59
-53, -45
-32, 25
-62, -73
-61, -9
100, 25
90, 30
90, -86
-43, -47
43, -60
-53, -11
69, 90
92, -64
71, -74
34, 29
-20, 91
8, 19
88, -72
-16, -8
61, -92
-3, 20
95, -41
-25, -97
-40, -66
55, 11
87, 35
-29, -100
36, 64
8, 69
-43, -57
-65, -73
-58, -52
92, -86
2, 61
19, -88
79, 6
84, 45
52, 47
35, -51
88, -97
94, 53
-82, -62
99, -92
-9, -8
-39, -84
-33, 38
-20, 64
19, 12
-22, 12
8, -23
-80, 66
-58, 71
30, -40
-55, -10
58, 49
28, 84
37, 56
-8, 82
37, -73
29, -30
-14, 48
-5, 11
10, -21
13, -96
58, 99
-27, -17
-70, 37
75, 40
36, 5
43, 10
53, -99
60, 80
100, 21
-26, 41
-89, -46
94, 9
-99, -13
41, 32
78, -84
51, 97
-100, -64
-66, 90
88, 41
46, -32
23, -29
-52, -84
87, 95
-81, 32
13, -82
42, 27
11, -97
-34, -52
-67, 11
-70, 66
-92, 18
24, 32
-9, 81
62, 57
-87, 99
-29, 21
-75, 24
-7, -52
-19, 0
30, 14
-36, 53
-82, 2
100, -3
31, 31
17, -22
-85, 84
-42, 9
-24, -42
-96, 25
-43, 53
-20, 53
-93, -2
43, -37
28, -30
74, -3
-29, -78
-77, -52
-47, -57
-51, 86
-33, -95
44, 2
34, -56
-60, -83
65, 64
11, 81
53, -66
3, 61
83, 24
27, -75
61, -62
100, 45
-79, -26
49, -36
-26, 28
-91, -27
50, -11
30, -68
99, 23
11, -54
-98, -88
84, -29
-82, -87
13, -61
-73, -88
-51, 50
-86, 96
83, 58
-86, -66
44, -6
-95, 100
44, 60
-31, 12
29, -18
73, -54
-3, 34
-75, 24
-24, -27
-65, 74
-5, -54
6, -50
22, -78
77, -79
73, -6
12, 24
96, -74
-13, 13
-46, -82
-61, 98
-2, 11
68, 35
48, -6
97, -40
5, -12
41, 87
62, -82
53, -43
16, -21
-3, 46
55, -77
81, 82
-95, 56
-54, 18
-56, -64
-18, -31
-13, -87
-11, -72
-95, -88
-24, 29
38, 48
-12, -78
87, 14
-7, -82
95, 34
80, -1
19, -83
-81, -89
90, -85
-26, 1
-95, 7
-12, -51
-38, 68
48, -46
-91, -98
-93, 34
-72, 13
26, 57
98, 61
74, 94
16, -92
77, 12
-8, 44
90, 23
81, 31
-77, 41
46, 78
-17, -26
83, 100
-100, -88
75, -96
-82, 25
-94, 33
43, -14
27, -89
42, -85
99, -36
91, -73
-25, 30
28, -31
61, -93
61, 10
9, -7
-62, -1
-92, -23
93, 53
-79, 68
-37, 7
6, 49
-52, 9
34, 48
5, 4
86, -61
-51, 87
9, 7
68, 13
-37, 1
24, -22
-27, -4
-31, -98
-51, -3
-81, -75
-47, -65
-58, -79
19, -83
-12, 96
47, -63
-88, 56
-51, 44
56, -53
73, -47
-74, -39
-19, 58
-24, -20
9, -67
-66, -42
-7, -58
-87, 0
-48, -71
-65, 98
59, 82
24, -83
-92, -46
93, 40
51, -21
64, 61
71, -45
-14, 80
-77, -37
18, -2
17, 4
63, -69
-94, 48
3, -9
33, -29
-32, -15
-57, -46
-34, 69
74, 13
79, 23
-54, -100
-16, -92
16, 21
-30, -39
77, -16
81, 93
10, 59
-6, 78
-56, -19
68, 16
42, -7
83, -92
1, 47
-94, 26
-12, -93
-34, -70
-82, -70
-83, 76
89, -6
-72, -38
-32, 42
-25, 11
-24, -42
-31, -59
76, -23
31, 53
64, -96
-55, 48
-73, 53
-49, 99
20, 24
50, -89
-3, -23
-41, 76
30, 12
-58, -31
-74, -76
69, -40
60, -53
-68, -96
-71, 66
32, -42
-66, 6
53, -4
-88, 74
8, -86
-99, 37
85, 10
18, -36
-14, -35
-70, -97
74, 1
2, 85
99, 30
31, -30
-54, -89
-60, -71
39, 78
-85, -52
1, -56
-85, -35
-58, 71
16, 88
34, -84
84, 32
-61, 0
-33, -51
-30, -99
-4, 60
-75, 99
-56, 2
-35, -87
75, -55
-24, -85
-33, 47
-27, 92
80, -43
63, 48
-4, -39
7, -20
-65, -95
-17, -97
-59, 71
-86, -27
31, -17
-11, 93
27, -41
100, -95
-44, 2
85, -85
-49, -12
55, 42
39, 86
-2, -52
-67, 76
29, 26
-69, -4
17, -40
-64, 83
16, 71
86, -2
-27, -96
92, 80
82, -79
-54, -26
96, -29
-37, -50
59, -92
79, 41
81, 35
-6, -36
18, -28
46, -29
-36, 76
88, -83
41, 41
-43, 34
94, -33
-96, -52
79, -5
-99, -100
84, 98
-27, 66
37, -74
20, -82
-46, 89
72, 3
-59, 92
-68, 8
-10, 20
10, -48
-88, -88
22, 73
10, 23
-1, -5
87, -21
0, 18
14, -24
-4, 19
-96, 79
85, 61
-19, 5
-47, -21
67, -89
-39, 64
-84, 77
-6, -1
-58, -5
67, 94
-50, 56
-76, -18
36, -34
12, -44
-61, 22
-3, 5
29, -39
100, -35
-56, -74
39, -71
48, 33
90, -9
90, -18
80, 21
24, 57
-53, -6
63, 84
16, 49
0, 70
-62, 35
-68, -33
83, 52
87, 51
-7, -77
-72, -54
-65, 95
-91, 86
40, -8
39, -31
-33, 21
-68, 69
-69, -77
41, -16
-71, -57
-84, 83
-31, 71
73, 47
-27, 34
13, -38
-44, -55
29, 56
28, -12
-32, 44
33, -2
-94, 11
-48, -52
-58, 35
-71, 19
-68, 28
87, 93
-29, -89
22, -68
77, -60
58, -16
-42, -18
7, -81
-80, -71
93, -71
-53, -16
31, 69
-10, 79
-75, 96
-100, 61
-69, -50
-76, -80
-81, 41
-36, 58
-47, 90
-83, 0
-49, 16
93, 50
-80, 30
-80, 78
-75, 26
-29, -90
34, -32
11, 70
-91, -65
-77, -42
-34, -30
81, -25
-52, 40
-86, -22
57, 6
-50, 6
50, -47
53, 17
-6, 58
35, -87
50, 81
26, -75
-57, -44
-51, -77
-31, 80
5, -77
-69, 39
-69, -24
82, -76
-67, 100
16, -98
-17, 64
77, -55
-39, -98
-91, -56
-28, 78
-97, -99
-18, -38
82, -6
42, -3
-22, -88
19, 29
-14, -92
-66, -23
16, -62
-64, -58
90, 62
-91, 24
-39, -8
89, -33
-96, 17
-52, 31
78, 24
-92, -17
66, 54
-27, 79
66, 70
58, -26
-94, -35
-98, -43
73, -46
17, -25
-89, 6
-89, -7
-3, -53
3, 27
-44, 89
-94, -62
-86, 50
88, 78
99, 35
76, -89
0, -84
70, 45
-91, 65
43, -41
-43, -8
-33, -18
0, -10
-72, 55
-13, 58
-75, -71
-35, -3
-82, 22
-91, 40
-57, -66
4, 97
14, 47
60, 76
-58, 44
-44, -19
-98, 52
-59, 5
-17, -27
-55, 15
-15, -91
-54, -53
-51, 94
-62, 5
-34, -22
-65, 22
-91, 34
-44, -100
-16, -50
97, -76
62, -60
-52, 42
7, -28
-5, 16
-20, -39
71, -4
-69, -61
40, 82
-16, -40
72, -68
51, -32
49, 67
-19, 10
-53, 4
-38, 59
-76, -35
-57, -64
41, -50
-84, 94
-60, 78
45, 43
-49, -60
-66, -64
-1, 59
-98, 55
-75, 48
-18, 49
15, 20
-78, 81
-12, 1
-82, -20
-60, 95
-50, -39
-58, 7
-16, 84
-24, -55
69, -21
75, 42
-73, -91
20, 86
85, 85
48, -5
-88, 25
29, -78
-38, 42
-45, -77
99, 85
-15, -40
-33, -21
-90, 65
0, 12
90, -19
3, 98
-42, 51
73, -4
-3, 47
95, -88
-47, 30
89, -46
45, -12
-13, 85
-80, -68
-87, -94
-35, 33
78, -94
63, 85
-86, 21
87, 25
26, 17
89, -31
-40, -23
-43, 96
93, -51
28, -10
-75, -9
35, -57
-84, -51
-99, -30
54, 16
-80, 96
-92, -34
-98, -79
72, -25
-10, 43
-44, 11
92, 100
-24, 56
97, 1
-35, -33
80, 41
-47, -17
86, -17
74, 41
49, 78
12, 82
-13, -7
48, -12
69, 56
92, -78
-50, 2
-75, 97
-81, -16
24, 74
33, -29
-58, -5
28, -74
65, 1
59, 79
-16, 58
90, -2
-32, 29
-12, 59
-63, -39
-54, -78
0, -24
2, -49
-43, 48
-46, -16
-22, 25
-16, -19
-52, 43
44, -24
-74, 18
-3, 40
-99, -57
88, -7
32, -86
-87, -41
91, 39
71, -61
-18, 72
-41, -59
-71, -82
94, 3
5, -31
11, 44
-56, 46
-58, 50
-44, -100
-86, 91
-95, -12
-61, 88
-36, -70
80, -31
-28, 3
1, 30
72, -44
-94, 5
61, -95
-16, -47
34, 9
-14, 9
-3, 62
78, -81
84, 89
8, -49
68, 50
32, 22
-53, -67
73, -31
-57, -82
-51, 3
58, -68
87, 39
-13, -13
97, -90
44, 85
91, 36
-8, 50
-17, -90
92, 62
9, -48
-25, 39
-15, -51
80, -28
-2, 100
-39, -92
-55, 69
84, -81
53, -3
-33, -39
-37, 26
67, 7
50, 79
-94, 93
-100, -12
-69, 61
-58, 72
95, 90
-58, 19
-53, 33
1, -55
-16, 87
-86, -56
13, -52
37, 99
15, -7
-3, 15
24, 88
-46, 51
12, 77
59, 52
64, -70
44, -95
-55, 38
45, -82
74, -14
74, 16
-27, -34
-40, 62
64, 7
-98, 87
73, 46
-91, 33
27, 2
100, -23
36, -65
-69, -38
41, 85
17, 17
23, -45
-1, 29
-44, -29
10, 26
-3, 7
-16, 52
-15, 80
36, -92
-18, 66
-20, -5
-25, -39
-52, -4
-31, 45
19, -81
-23, 99
27, -50
-53, 50
-36, -54
-65, 22
59, 36
-9, 88
-30, -25
-69, -65
99, -72
73, 11
-75, 10
-27, 8
3, -92
8, 12
57, 98
-2, 76
-45, 35
13, 58
84, 99
-96, -9
64, 63
-48, -100
50, 51
-94, 3
-62, 90
55, 9
80, -77
12, -77
-45, -89
25, -31
-40, 84
-34, -88
73, -9
57, -35
-93, 73
61, 80
-42, -74
-68, -18
88, 47
-87, -4
60, -51
32, -27
83, -85
3, 68
38, 3
74, -92
-79, 98
-88, -63
40, 1
-14, 48
82, -30
10, -16
39, 37
-38, 69
63, 76
-8, 4
100, 81
35, 45
-1, 45
89, -35
87, -86
-88, 64
22, -60
-64, 87
-92, 6
69, -26
75, 51
-88, -34
65, -30
75, -1
11, 83
75, 32
-1, -15
44, 71
5, -85
76, 3
-73, -19
-29, -94
73, -84
77, 55
-25, -67
41, 99
-47, -14
32, 50
37, 22
-22, 34
37, -23
3, 25
-16, 50
85, 45
8, 42
39, 75
-10, -78
-25, -11
-9, -94
92, 73
-22, 4
20, -35
3, -11
88, -53
-90, 65
-64, 84
46, -24
-16, 9
35, -42
-78, 46
63, 69
87, -95
-2, 27
15, -36
87, -13
69, -62
74, -35
81, -29
64, -92
-52, -80
-21, 35
61, -19
-76, -98
-7, 24
-19, -33
74, -91
-89, -38
-74, 25
7, 49
13, 76
-97, -29
28, 38
54, -16
-79, -66
-14, 72
-79, 18
-63, 22
40, 42
-62, -43
63, -47
-78, 91
80, 6
-87, 26
85, -21
-5, 55
90, 28
-84, 100
8, -16
-26, 61
87, 47
-17, -49
87, -1
-58, 71
-99, -10
-29, -38
41, 12
69, -67
-73, -97
-72, 96
13, -6
33, 5
33, -19
-40, 78
64, -5
-67, -43
74, 36
-73, 87
-66, -11
-27, 61
-62, -22
-9, -26
-94, -57
7, -49
84, 35
51, -10
87, -62
65, -94
90, 4
-36, 74
65, 65
53, 74
70, -60
-50, 82
-63, 3
93, 0
-27, 19
39, -57
-55, 64
-8, 63
-20, -13
-92, 0
79, 10
-100, -97
-18, 74
-47, -29
52, -62
0, -41
85, -21
24, 88
-32, 22
29, -94
10, -59
-17, -78
-80, -81
-21, 80
-68, 82
58, 15
34, 27
93, 67
81, 75
-98, -100
2, 64
19, 48
92, -86
-62, -17
17, -73
-20, -10
85, -79
-38, -2
86, -6
91, -15
83, 39
41, 77
96, -19
-26, 40
26, 66
-43, 37
-50, 91
1, -89
5, -93
82, 36
-51, -85
39, 9
-19, 85
-48, 52
-23, -58
41, 49
65, -68
-15, -12
18, -79
6, 49
-3, -16
52, 93
-55, -37
-72, 0
35, 57
92, -74
-21, -44
-86, 78
72, -14
52, 59
-27, 89
-40, 32
26, 63
-81, -92
-51, 24
23, 63
71, -49
65, -38
19, -30
7, -78
-43, -44
-4, -13
52, 15
65, 0
-20, -68
9, 100
92, -37
17, 91
-89, 12
-39, -11
-65, -79
-10, 28
-5, -29
-73, 54
36, -91
23, -62
88, -15
-3, 43
-20, 59
97, 15
71, -23
55, -37
8, -36
-60, -85
63, -44
57, 16
-29, -20
90, -67
87, -50
-95, -50
15, 0
29, -86
-86, 60
-87, -23
36, -87
56, 89
60, -70
-88, -87
-67, -82
21, 93
-8, 60
61, -94
-48, 42
-17, 80
-73, 38
23, 49
-70, 79
96, 42
10, 0
-70, 74
56, -57
-19, 97
84, -83
61, 16
67, -64
-52, -8
-50, 1
-93, 61
42, -39
60, 67
-75, -74
80, -13
15, -52
-70, 35
-80, 1
23, 98
37, -37
-72, 23
44, -49
-54, -86
-59, 21
58, -99
81, -95
-28, -94
-49, -12
35, 7
-30, 43
-2, 82
80, 73
-76, 44
-76, -30
70, -46
21, 38
71, -53
26, 87
41, 92
-57, -54
-43, 74
96, 81
-74, 76
92, -47
44, -89
-64, -85
40, -48
-25, 99
54, 70
17, -32
1, -50
-84, 27
-43, 82
78, 37
-21, -88
67, 23
6, 5
-63, -94
30, -89
-14, -34
38, 52
-8, 24
21, -31
-1, -31
-83, 27
-78, -43
-19, -8
75, -47
49, 13
21, 55
24, 37
39, 26
46, -80
71, -75
88, 50
-92, 5
19, -19
82, -29
-95, -91
-72, -58
-30, 54
-92, 38
74, 49
81, -30
88, 43
-18, 42
2, 11
65, -73
-58, -69
-11, -48
-88, 57
52, -21
57, 47
-52, -52
100, -67
1, 10
-3, -56
48, 90
-15, -1
1, 81
16, -13
51, -45
66, 49
-77, -15
-41, 15
92, 81
-10, 9
81, -64
22, -10
3, 59
37, 76
23, -48
80, -67
80, -41
-78, -15
84, 65
44, 58
-90, 29
32, -72
-92, -49
-73, 14
15, 70
-46, -96
-53, -40
-5, 73
90, 9
-25, -1
-47, -14
95, 41
-40, 84
-7, 84
91, -91
-98, -33
30, 37
-69, -55
-51, 34
-98, -77
0, 79
21, -14
76, -34
-70, 58
-20, 89
-49, 52
3, -56
-74, -90
-19, 56
97, -80
37, 54
91, 31
36, -63
96, 2
50, 28
-36, -56
-63, -13
94, -47
86, -61
31, 44
-48, -53
-48, 5
-22, 9
70, 23
-90, -8
39, 23
-12, -39
-68, -5
76, 96
56, 70
-8, -15
-69, 99
-39, -38
-42, -6
-63, 75
-58, -77
-10, 94
5, 74
27, -49
38, 63
88, -27
-85, -94
49, -27
-58, 17
0, 0
-99, -35
33, -17
20, 53
4, -37
8, 98
68, 11
99, 93
-99, -84
-89, 29
47, -29
90, 70
-79, -98
43, 22
5, -9
27, 54
-90, -69
-84, 85
-1, 50
-24, 50
54, -70
0, -87
-54, -17
15, -43
33, 72
-13, -59
-98, -77
86, 53
-70, -98
-25, -89
-84, -9
-73, -54
-74, -97
72, -97
45, -24
-65, -18
-14, -3
49, -6
4, -46
-51, -74
83, -85
10, -17
16, 47
37, 95
-34, 82
-16, -87
-100, -9
-70, -76
42, -54
-44, -50
4, 53
81, 83
-13, 14
65, -41
-71, -32
63, -70
17, -71
22, -75
38, -2
-98, -95
-11, -43
-74, 49
87, -25
-62, -31
-1, -53
43, 87
-57, -45
-89, 66
-25, 50
-18, 97
66, -14
0, 64
77, -100
17, -9
-41, -31
57, 99
84, -69
33, -59
62, 1
82, 88
-93, 70
28, 27
-1, 66
-42, 69
-71, -55
-85, -66
25, 64
78, 60
-85, 59
37, -63
23, 41
54, -79
-26, 23
33, -73
-43, 68
-74, 61
-30, -20
20, 29
13, 83
30, 72
51, -6
68, 67
46, 29
-41, -31
72, -75
87, 94
99, 13
-53, 68
-74, -35
29, -8
-83, 60
-38, -38
-82, -45
57, -22
51, -75
81, -33
-56, 81
21, 95
-14, -64
58, 99
-83, -27
-45, 66
73, -31
52, -10
-51, 85
73, -56
57, -70
-55, -19
80, -56
-67, -84
-38, -57
29, -53
-61, 83
-58, -43
26, 43
-42, 31
-78, -40
98, -83
-97, -16
37, -8
-24, -62
7, -9
69, -23
5, 12
9, -49
49, 16
41, 83
-18, -93
-34, 13
-81, -3
64, 27
-83, -19
-43, -13
94, -74
88, 26
-32, -15
59, -97
25, -65
-69, 85
3, -55
-46, 19
71, -37
-9, 31
13, 73
20, 96
78, 77
-100, -13
-26, 87
-44, 77
77, 47
-43, 96
77, 70
-59, 6
99, 6
12, -46
-80, -77
41, 60
41, 38
-11, -36
-63, 64
-84, -64
-1, 50
93, 10
-97, 11
4, -59
-24, 73
39, -56
47, 64
20, -95
5, -47
66, -79
-6, 15
92, -52
-77, 54
-42, 3
-57, 59
42, 25
44, -50
-18, 15
-40, -41
-91, 35
-26, -68
57, -17
-90, 56
38, -7
-63, -89
-92, -23
-73, 19
-37, -70
-96, -53
9, -29
3, 88
-96, 43
-33, 41
61, -64
-37, -56
52, -63
-91, 81
-79, -61
-13, -17
-64, -68
23, -55
80, -34
-17, 48
49, -57
57, -76
81, 71
-20, 1
-22, 7
-81, -51
32, 68
22, -90
32, -11
48, -9
19, 50
-40, 5
-70, -29
50, -97
50, -92
-74, -84
64, 29
42, 20
43, 52
-27, -26
7, 41
98, -6
88, -13
31, -1
72, -53
-76, -78
52, 0
81, -16
-77, -91
96, -41
-11, 26
46, 32
-19, -62
46, -56
-54, -64
15, -45
-18, 30
44, -88
-38, -34
43, -56
-19, 55
41, 74
65, 39
-69, -11
-90, 43
-62, -97
-24, -57
68, -92
68, 71
-73, 23
-55, -50
95, -11
90, -72
27, 4
13, 60
25, -94
-54, -1
-34, 40
32, -60
69, 35
10, 56
84, 85
-10, -69
98, 18
-66, 52
-69, 83
98, -81
1, -21
-61, 43
-1, 73
-45, 78
84, -78
-52, -2
-12, -5
56, 90
90, -38
24, -77
29, 80
56, 63
18, 56
82, -86
14, -90
87, -22
49, -14
29, -28
-67, -65
-58, 60
-69, -42
55, -42
-89, -62
77, -9
-64, 11
17, 95
68, 16
3, -10
-53, 60
-43, -38
61, 90
-64, -51
3, 48
27, -39
-82, 89
-89, -14
52, -35
-19, -39
-4, -23
-48, 82
75, 85
-78, -13
-66, 95
20, 16
-66, -79
79, 82
96, 27
16, -31
-82, -2
-46, 42
-96, -31
-57, -89
-85, -61
75, 62
-83, -8
25, 97
76, 45
57, 45
59, 10
34, 88
-80, 36
11, -75
65, 94
-94, -59
-75, 43
-18, 90
96, -15
73, -49
77, -29
50, 29
16, 83
-81, 22
27, 71
-33, -61
71, 50
-21, 68
77, 2
19, -90
3, 59
11, 35
45, 91
-6, 33
-96, -62
-91, -11
-70, 79
-97, 57
-16, -4
30, -82
-71, 47
36, 19
43, 4
40, -6
-35, 37
45, -92
-50, 84
-72, 54
46, 10
-51, 62
-96, -31
47, 96
-28, -21
87, -79
-65, -68
91, -36
36, 28
-7, 95
-77, -58
-91, 16
66, 30
54, -13
-32, -29
-25, -59
-60, 32
15, 33
-68, -69
34, -63
62, 34
-68, 37
-31, 14
-56, -58
-68, -71
-63, 70
58, -24
-51, -95
99, -6
50, 13
-67, -37
-60, 98
-25, 30
-81, -39
-34, -14
49, -4
-35, 92
10, 33
-19, -98
-98, 79
-70, -51
32, -45
-62, -54
-80, -70
-97, -32
-83, -66
-76, 33
96, 22
-23, 45
-89, -25
41, 63
64, -42
74, 13
-20, -47
-87, 6
66, 89
5, -25
70, 37
91, -80
45, 89
-95, 86
2, 65
54, -69
46, 17
-97, -82
81, -35
-93, 64
-36, 58
98, 77
39, 76
16, 76
70, 77
-44, -98
-84, -51
-34, -9
89, -86
3, -48
-43, 11
-79, -81
-27, -77
-16, -72
-77, -99
-54, -76
-95, 60
3, 55
19, 39
-11, 10
-86, 76
-66, 3
-96, 64
-83, 1
-80, -21
48, 40
56, -62
-81, 83
-24, -78
-50, 78
80, -10
-10, 21
-50, 77
-54, -72
-46, 78
67, -86
63, -33
-88, -19
-2, -82
38, 84
9, 30
-40, -20
-29, 12
-49, -21
-48, 24
80, 24
-69, 82
3, -16
45, -47
30, -12
97, 70
-92, -82
-93, 76
-33, -6
-9, -59
-69, -32
-63, -86
44, -23
-80, -65
-53, 75
38, 82
-5, 99
31, 3
-5, -64
-30, 21
-2, 79
49, -98
-55, -83
-42, 68
-64, 66
-58, 45
-45, -31
-34, -94
84, 37
77, -70
39, 90
19, 97
49, 39
-5, 4
31, 47
-34, 9
-24, 99
60, 40
-35, -5
-60, 63
67, 56
-41, 75
-40, 73
39, 43
72, -88
-9, 17
0, -97
-13, 24
-37, -70
65, -29
5, 31
-98, 27
-38, -16
0, 3
-16, 50
13, -72
78, -76
19, -41
-5, 81
26, 69
-33, -92
54, 62
70, 51
-69, 78
57, 79
8, -41
83, -44
3, 96
63, -82
71, 25
29, -45
10, 55
7, -50
50, -71
0, -28
-16, 76
-58, 97
-22, -14
78, -92
37, -47
13, -27
95, -78
66, -57
-56, 78
-65, 40
-73, -18
63, -40
-7, -95
46, -69
-62, -38
-23, 54
60, 58
-64, -56
-34, 51
-17, 10
57, 23
61, -24
38, -40
-34, -52
-76, -44
16, -35
87, 40
-40, -32
-2, 93
99, 73
-32, 85
97, 20
-6, 75
52, -36
60, 62
73, 98
-20, 66
-61, -61
98, -95
-17, 97
55, 93
45, 30
91, -18
-20, 27
82, -48
100, -4
-49, -67
54, -49
-10, 13
18, 63
-71, 84
-3, -91
-25, -33
92, 23
43, 10
-43, -61
99, 27
-69, 35
36, -90
5, 65
86, -6
-19, -41
-93, -65
12, 30
34, -6
42, 0
70, 90
-17, -88
63, -94
-47, 40
42, -90
21, -52
90, -93
-68, 4
11, 41
-81, -36
-15, 49
62, 81
37, -36
87, -23
-71, -2
-15, -14
19, -5
31, -91
-12, 5
-80, -42
-80, -82
64, 86
-7, 44
40, 54
97, -73
-39, 90
95, 45
-33, 26
-99, 34
15, 39
-95, 90
26, -33
37, -46
-13, 12
84, -20
32, 52
-50, -64
-36, 47
26, 91
45, 81
-72, 64
-61, -37
36, -93
-90, -36
-74, -45
-8, 17
-26, -70
-3, 94
28, -99
27, 4
11, -78
-34, 50
10, 57
21, 66
86, 61
-39, -65
-73, -7
20, -1
28, -55
75, -19
48, -24
-94, -72
83, 78
74, -23
75, 61
41, -99
-37, 16
-5, -79
20, -22
51, 100
12, -82
-19, 89
-83, 52
-91, 86
51, -90
-76, 7
2, -62
29, 18
11, -37
49, 0
-10, -12
85, 5
-41, 80
10, 29
89, -79
-96, 25
-75, -66
59, 59
41, -77
-17, 54
29, 22
63, -95
-100, -2
47, -28
-74, -19
-5, 20
14, -73
-87, 38
-33, -10
-61, -36
-73, -37
93, -73
77, 72
78, -6
99, -98
-76, -2
32, -73
0, -78
-12, -97
-61, -1
14, -57
89, 43
-62, -87
-42, 93
-6, 71
61, -15
71, -73
21, -85
-65, 69
-41, 9
-20, 45
-43, -37
75, -89
-68, 9
-35, -10
-46, -3
-89, -86
47, 73
26, -21
50, 30
-42, 83
12, -33
31, -38
94, -4
-49, 79
-27, 76
-3, -98
67, 63
-77, -40
89, -7
-55, -87
50, -22
31, 37
27, -42
-91, -42
-29, 86
-35, 18
-31, -59
84, -20
-37, 78
-20, -56
79, -88
2, -93
-1, 2
-68, -47
-17, 68
-67, 89
52, 57
59, -16
-59, 78
-82, -49
-29, 83
-37, -2
24, 91
98, 42
-16, 65
92, 61
32, 29
-10, -25
51, 70
97, -68
-97, -75
-43, 10
-78, 86
-9, 54
-42, -15
-12, 26
20, -79
22, -63
-35, -85
58, 52
13, -7
-79, -70
21, 100
81, 51
27, 22
-82, 34
-71, -22
-89, -63
-46, 42
-93, 26
-4, -55
-47, 58
7, 87
-17, 23
-92, -13
4, -92
74, -68
-85, -80
-7, -11
23, -20
82, -65
32, 9
9, -68
-29, -69
79, -19
75, -5
65, -42
90, -100
-70, 44
77, -14
83, 52
-100, -44
23, -51
67, -93
-28, -21
-71, 63
84, 44
86, 13
64, 23
78, -77
67, 46
62, -89
-80, 17
-82, -47
-98, -56
24, 47
33, 63
-36, 0
19, -18
-99, 39
64, 51
-89, 85
73, -59
-94, -66
-95, -81
-75, 51
46, 32
-65, -25
-85, 48
16, -78
29, 73
3, 84
69, -79
68, -27
81, -78
31, -38
-91, 54
51, -22
9, -10
10, -83
20, 83
24, -99
-74, -17
-91, -39
-5, -88
89, -99
95, 42
22, -62
53, 42
16, -57
49, -11
76, 97
84, 48
95, -35
-67, -1
-31, 35
4, 2
-19, 87
51, 87
0, -95
-61, -66
11, -90
30, -14
-61, 30
-58, -65
-25, -68
15, 2
36, -62
-22, 3
-67, 3
2, -86
-2, -84
52, -52
99, 72
57, -39
-28, -23
64, -26
-69, 89
-15, -24
-97, 84
-83, 98
-71, -75
62, -84
70, -41
-21, 79
78, 100
-46, -12
-2, -25
79, 47
-40, 19
94, -8
76, -63
-23, -92
29, 83
32, -63
65, -73
-21, 63
-88, -8
-40, -12
64, 75
-99, 57
13, -66
26, -9
-20, -15
-60, 35
-34, 66
84, -17
-34, 79
-100, -47
69, -90
48, 42
30, 95
-73, 33
27, 17
30, 56
39, -75
14, 28
-84, -7
67, 85
54, 19
-70, 85
53, -76
-6, -33
54, 94
86, -20
2, -93
-74, 30
-62, -75
-52, 96
2, 95
-65, -15
-28, -80
-21, 85
64, -75
59, 52
77, -30
-75, 3
62, 81
29, -72
35, 24
0, 43
-52, -2
-19, 74
32, -100
30, 98
82, 69
96, 70
19, 52
63, 19
-88, -2
96, 31
-55, 75
19, 35
17, -94
57, 35
-44, -74
78, 1
85, -73
7, -94
-44, -60
-49, -17
-82, -82
33, -56
13, -32
-100, -33
97, -52
65, -30
-8, 90
96, 90
73, -5
66, 36
83, -27
54, -86
30, -92
-82, -30
-9, 40
41, 59
-48, 31
-43, -12
51, 43
-50, -26
53, -3
87, -87
20, -81
-9, -84
-86, -85
98, -95
-64, -38
-44, 39
23, -23
-97, 41
-19, -62
-28, -50
56, 0
-34, -8
-56, -19
12, 95
53, -96
47, -49
-74, -76
36, -15
-70, -97
-90, -24
39, 92
-2, 74
14, -5
47, 5
-41, -26
-96, 67
-89, -83
-34, -40
100, -43
60, -64
87, 35
52, -73
-7, 41
25, 58
16, 100
-29, -72
83, 22
73, -24
-87, -29
35, 50
-77, -38
91, -53
-64, -98
15, 63
-86, 49
31, 49
-23, 92
-88, -85
-92, -14
-79, -97
-99, -3
68, -74
-2, 27
-93, -65
-47, -83
58, -12
3, -72
-76, -14
25, -85
55, -51
56, 81
25, -50
7, 6
14, -6
42, 73
-41, -81
-40, -16
-82, -100
-30, 63
30, -52
77, -27
17, -61
33, -92
93, 17
95, -28
39, -14
-67, 75
53, -96
2, 22
89, -40
-91, 70
-22, -46
-68, 71
19, -16
78, 54
-51, 31
93, -15
77, -36
-10, 70
-86, 8
-93, -88
-67, 34
-31, -9
-27, 17
12, -61
79, 68
-11, 29
-68, 64
-20, -10
-42, 93
-13, 4
-99, -23
-90, 97
42, -2
74, -86
-48, -55
28, -20
28, 26
43, -88
-91, -62
-79, -5
63, 87
2, -83
-79, -1
33, -98
51, -90
48, 8
-28, -63
-14, -17
-69, -95
-32, -46
-2, -48
18, -70
64, 53
83, 42
-52, 46
-34, -23
-36, -57
-17, 19
-87, -29
-79, 69
19, -25
-43, 39
-34, -79
-73, -4
80, -72
-15, -19
19, -62
26, -34
48, 43
82, -19
51, -76
80, 4
33, 83
-93, -42
42, -1
-83, 10
62, 11
75, 48
96, -67
44, 60
-45, 31
11, 28
-97, 8
32, -61
-16, 8
49, -45
-47, -80
-94, 83
-37, 71
-17, -67
-2, 2
31, 82
-19, -92
-33, -19
-96, -49
36, -97
-45, -81
-83, 87
-37, 62
-9, 46
29, -60
-68, -93
-68, -51
-29, -21
57, -87
99, -30
-64, 42
5, 73
-14, 24
-56, -5
75, -8
-29, -35
81, -9
-82, 4
92, 23
-28, -16
57, -15
53, 42
-41, 8
64, 49
-4, -63
-59, 83
-53, 59
-87, -53
-4, -5
52, 13
-65, 77
-75, 19
-24, -50
-27, -68
-5, -52
100, -33
-21, -75
-55, -70
19, -79
55, -85
76, -4
-7, 5
17, 18
-14, 92
-1, -92
-91, 79
-38, 0
-10, -88
84, 60
-42, -34
-74, -4
-79, -10
-87, 58
77, -62
-10, -59
-54, 60
-94, -23
-45, 90
91, 36
63, 18
-78, 25
-84, 62
86, 76
67, -65
24, -99
21, 70
67, -1
26, -30
90, -68
-99, -55
-79, 77
-28, 28
-35, 8
83, 44
-78, 50
-39, -47
82, 7
-9, 25
-50, 25
-90, -56
-91, -17
-9, -48
-1, -16
-8, 97
-63, 77
2, -12
1, -5
-25, 8
52, -43
-6, -94
-12, 53
90, -14
66, -24
-9, 76
17, -42
-52, 34
-1, 100
-10, -78
-20, 66
-27, -49
-5, -7
-85, 12
-56, 9
-45, -17
26, -31
-37, -23
-62, -95
71, 3
-15, -56
-56, -43
-78, 47
-28, 16
23, -97
-88, 47
53, -68
-45, -92
-64, 48
-22, -85
98, 21
-67, 74
65, -62
-68, 75
83, 26
-34, 81
-14, -5
-83, -16
-98, -66
82, -45
-90, -61
80, 2
-30, 50
60, 27
48, -89
-38, -30
-18, -35
49, -21
47, 87
77, 93
-81, 33
-80, 83
22, 76
-78, -53
52, -85
-4, -49
-10, -67
-72, 47
-15, -7
84, 73
-74, 52
4, 60
18, 40
85, 96
59, -51
-74, -48
-32, -61
6, 45
-67, -98
0, -94
-78, -26
-50, -61
-89, -34
-86, -49
-38, -87
34, -78
12, 89
100, 10
-70, -55
62, -58
61, -84
-50, 28
-54, -42
-96, 32
19, 16
-12, 58
34, -34
61, 54
-51, -92
57, 36
-52, 73
11, -66
13, -19
13, 96
-24, -56
-38, 21
74, -35
13, -62
28, 90
-78, 6
-89, -41
23, -17
58, -91
67, 98
42, 53
-16, 54
26, 65
-88, 93
-69, -22
-63, -96
-40, 69
9, 28
-7, -84
-20, 66
-91, 12
-51, -37
76, 12
73, 8
-33, -24
-34, -46
-4, 83
-18, -95
-79, 20
-27, 55
-16, -44
-29, -100
16, 58
85, 9
-68, -64
87, 45
-83, -27
-63, -82
-30, -37
57, 61
-33, -92
90, 28
-67, -85
76, -71
-61, 59
-62, -27
98, 23
53, -40
74, 14
75, 2
36, -28
33, -1
-48, -31
-36, 71
34, -64
28, -94
-13, 31
-56, -15
20, -92
-21, -49
-28, 57
-22, 93
47, 91
-54, 99
-41, -72
-60, 90
-3, -85
17, 67
79, 97
43, -47
0, 27
54, -13
-2, 21
-63, 15
-84, -6
4, 24
65, 44
65, -79
-90, 39
-72, 54
9, -36
-5, -87
-45, 60
86, -57
-76, 5
98, -86
12, -82
-93, 17
70, 84
-50, -41
54, -29
84, -1
-10, 58
30, -58
-15, -21
54, 73
-96, -53
-48, -41
49, -77
91, 47
84, 45
75, 40
22, -100
-1, 89
52, 50
-67, 28
12, 73
46, 60
45, 70
91, 3
1, -48
43, -38
-86, -28
-41, -61
27, -65
1, 0
-82, -7
69, 48
-31, -77
18, -34
82, -55
-5, -4
-43, -27
94, 18
-72, 20
36, -69
75, 21
-71, 93
44, -24
51, 2
65, 84
-74, 83
65, -42
-34, 27
93, -78
97, -44
54, -60
-69, 99
-18, 52
-28, -68
65, 92
92, 7
-24, -43
95, -16
71, 45
-25, 69
69, 45
-39, 57
96, 13
-48, 45
-42, -92
2, 90
-17, 30
-25, 41
-19, -69
-40, 74
100, -11
-46, -91
-94, -53
-71, -42
72, 40
49, 67
68, 70
-100, 34
-32, 73
-15, 12
-16, -21
-43, -35
-51, 19
-13, 53
79, -76
-52, 52
21, -61
36, 92
91, -11
-27, -62
-94, 11
-19, -23
-32, -100
63, -47
-27, -43
-13, -62
-45, -30
27, 0
7, -60
-10, 44
38, -1
78, 68
37, -45
27, -56
92, 21
94, -91
-53, -9
22, 76
-49, 87
-84, -65
28, 98
71, -82
60, -69
-54, 85
-19, 14
-84, 64
3, 34
-87, -81
-80, 23
-74, -98
-89, -71
13, 95
-64, -7
-42, 7
-29, -98
-54, 16
53, 91
-72, -44
-7, -85
-87, -65
0, 87
43, -59
-92, -40
-58, -89
-87, -5
-87, 23
-94, -62
-58, 31
89, -81
17, -37
13, -68
-28, -14
-70, 65
31, 20
-15, 21
-22, -83
5, -25
-62, -36
-64, 71
-60, -21
-23, -60
99, -95
80, 54
79, 23
94, 85
53, -47
-72, 84
-21, 3
-16, 43
-52, -87
6, 3
76, -13
17, 52
33, -13
49, -39
10, 30
87, -40
-56, 30
-45, -22
-49, 49
70, -49
-46, 6
-29, -86
-5, 98
-46, 34
-62, -42
-25, 22
35, -61
-9, 8
-74, 60
14, -31
-43, -23
33, -81
-37, -37
-85, 62
-44, 21
45, -59
46, -61
100, -88
7, -33
-24, -76
-62, -55
26, -83
25, 96
68, 56
13, 57
-12, -7
-45, 89
80, 82
62, 0
26, 11
-85, -52
12, -4
37, -39
-23, 16
-22, -2
8, -9
39, 58
13, 6
76, -23
-91, -14
-31, 97
-67, 76
-40, -19
40, 12
-47, 48
-53, 77
-60, -26
-33, -52
97, 44
-64, -73
-95, -11
4, -32
23, -84
-31, -52
92, 47
-57, 90
-30, -94
2, 46
-71, -65
-79, 72
67, 15
-20, -56
-69, 16
0, -49
-59, 20
-19, 22
-40, -13
-21, -92
-95, 76
23, -43
74, -31
-2, 22
-23, -92
-17, 55
-4, -37
-35, -83
-83, -6
-99, -8
0, -25
-12, 31
-74, -29
4, 16
25, 22
91, -23
-19, 60
78, -13
-90, 26
51, -18
96, -1
-9, -45
68, -78
-6, -29
31, 39
12, 0
-90, 25
-93, 13
-26, -34
-19, 89
70, -99
-91, -68
-40, -94
35, -44
31, 63
-18, 72
-71, -58
-3, -75
-90, 8
-7, 22
-36, -51
24, 69
-16, 86
-56, -36
-79, 96
-8, -87
13, -65
-10, -83
-95, 85
-82, 24
49, 84
-5, -48
-78, 49
-25, -61
60, 98
-96, 22
-11, -67
64, 39
-36, 0
8, 31
10, -90
15, 90
100, -60
56, 89
-64, -97
-33, -17
-81, 98
-23, 83
80, 31
-67, -93
37, 89
81, -35
16, 33
-91, 15
-66, -81
-63, 53
-89, -84
-23, -21
32, -83
31, 62
-57, 43
76, -33
24, 35
4, 90
-49, -83
86, 66
3, -48
30, -41
-62, 93
76, 42
-27, 89
42, 17
-86, 55
8, -47
-99, -41
44, -12
72, -46
75, -48
-83, -100
-72, 12
-37, -99
56, -47
-88, -37
40, 98
43, -10
48, 6
97, 21
53, -92
82, -81
-23, 97
-18, 65
-38, -11
58, 50
39, -64
62, -93
-63, 22
-32, -72
-17, 60
93, -65
-20, -48
-6, 62
-24, -2
-20, -54
45, -81
50, -98
-83, -75
-82, 69
-37, 70
-28, -62
4, 17
94, -51
75, 92
-46, 31
74, 83
-2, -25
15, 56
68, 19
47, -51
19, -18
50, 44
97, 100
-95, 1
64, -37
22, -6
13, 88
65, -33
30, -34
67, 5
2, 7
-72, 71
-38, 31
-18, 73
-8, 39
-24, 67
-19, -52
-62, 74
63, 68
73, -56
-2, -81
6, -23
-49, 79
-52, 52
67, -65
74, 44
-63, -64
-81, 12
-26, -21
91, -91
-25, 18
-85, -20
25, -58
53, -59
70, -49
62, 50
75, -62
78, 9
-68, -85
16, 55
-86, -32
-10, -58
97, -67
-16, 41
-25, -69
71, 90
52, 27
-70, 54
-97, -4
-53, 68
32, 40
69, -40
42, -45
-16, 80
-68, -14
-35, -96
-69, -50
10, 69
68, 44
85, 15
42, 31
0, -21
62, 30
-95, 89
-16, -74
15, 82
-90, -18
14, 49
47, -87
-40, -53
-64, -35
77, 7
-93, 89
-23, -6
-52, 87
-46, 68
35, 26
31, -53
-82, -94
-96, -54
8, -85
-34, 22
-86, -47
26, -38
-6, -37
17, -66
30, -95
17, -8
2, -37
-100, -78
9, -2
76, -24
25, 59
50, 67
9, -99
-27, -46
-79, 80
-27, 76
-54, -37
-13, 57
-86, 1
67, -48
100, -22
49, 72
46, -98
72, -32
-14, 3
19, -83
15, -61
11, 4
50, -66
81, -58
67, 58
71, -2
35, -66
-14, -16
99, -56
61, -97
24, -45
-98, -16
48, 72
-88, -27
82, 92
-58, 87
21, -80
-62, -20
-78, -64
-59, 55
15, -66
66, -4
100, 49
-39, -64
-18, 97
12, 40
75, 26
78, -72
95, 82
-8, -34
-39, 3
98, 21
88, 65
26, -4
55, -47
-29, -35
-69, 97
-55, 16
-37, -23
-43, 96
-72, 34
72, 34
16, 2
75, -55
59, -65
-74, 91
84, 84
-27, 74
-55, 75
5, 49
-25, -49
-80, 98
32, -48
-62, -24
91, -47
64, -60
70, 32
-34, 55
-96, 63
-92, 79
10, 97
-31, 15
12, -64
19, -85
-75, 98
-78, -40
69, 82
-13, -59
98, -60
-83, -46
-1, -66
55, -23
-36, -85
65, 86
-12, -74
-29, 12
-69, -27
-55, -75
94, -91
-5, -3
-58, 49
91, 84
-13, -43
86, -35
16, 71
1, -50
-78, -70
-6, 74
70, -68
-16, 66
28, 14
-10, -27
70, 44
-64, 66
-22, 37
-53, 66
48, -78
-13, -75
-2, -74
63, -37
39, -66
-18, 25
81, -76
61, 61
-38, -75
36, -15
5, -62
-68, -39
43, 83
18, -97
-70, 73
89, -87
-74, -35
-9, 36
71, -90
56, 91
-88, -74
100, 55
-74, 90
33, 27
41, 3
-4, 3
-3, 81
62, -75
-34, -69
-56, 12
-89, 82
-26, 81
-17, 1
-12, -9
44, 89
34, -31
-93, 82
-99, 78
-48, 89
-79, 48
-37, -59
69, 33
-95, 85
37, -12
-16, 43
14, -70
1, -27
76, -92
-3, 74
96, -57
-66, 33
-49, -30
-95, -41
-36, 35
-68, 25
-76, 34
-9, 19
93, 89
-59, 80
90, 39
69, 67
-58, -31
-35, 34
-50, 68
-44, 90
33, -91
30, 38
3, -11
-23, -28
61, -80
70, -7
-70, 22
-9, -40
-49, 96
-100, -34
98, 88
-43, -76
99, 52
34, -57
70, -46
-99, -3
76, 23
36, -72
13, 93
20, -21
-93, 39
-42, -99
73, 24
-72, -65
43, -18
-95, -16
37, 70
-30, -65
-92, 8
60, 89
29, -73
-65, 64
20, -93
79, -70
13, -37
35, 73
-76, 50
64, 61
86, 7
66, -4
-17, -54
34, 53
-22, 6
29, 73
84, -34
-68, 1
49, -23
4, -63
-75, 23
-68, -59
21, -85
23, -13
-90, -81
11, -28
68, 34
-35, -36
46, 12
-52, 80
-96, 99
39, 27
67, -90
69, 45
-100, -73
35, -89
23, -73
-79, -84
60, 61
66, 65
61, 86
-32, -6
-73, 44
19, 62
-7, -92
46, -29
66, 66
67, -12
55, 40
-22, -16
-34, -60
3, -49
-92, -57
62, 60
-73, -1
-49, 68
13, -8
-98, -63
79, -44
-43, -35
23, 21
-4, 3
-36, 48
-5, 37
-39, -44
49, -31
34, -55
-17, -66
-39, 80
39, -46
88, 24
46, -79
-82, 63
60, -87
63, -87
77, -99
-99, 52
-60, -86
-45, 55
-84, -52
-95, -92
9, -7
37, -33
29, -39
23, 83
-21, -92
8, -76
-84, 64
81, 69
-94, 43
26, 71
-18, -52
84, -70
-38, -65
-57, 23
96, 17
-58, -6
-53, 51
30, 96
-18, 13
-24, 9
-31, 59
63, -7
-85, 82
-85, 68
27, 39
-89, -68
-29, 70
-66, 14
-23, 90
56, -43
-37, 14
-43, 84
-96, 24
-40, -8
74, -10
-57, 80
79, 47
79, -99
-34, 0
-3, 81
15, 24
-35, 64
-46, -54
65, -13
-78, 76
-44, -92
38, 37
-18, -80
13, -47
91, 54
29, -22
-84, 1
-32, -56
-89, 79
59, -56
61, 72
-11, 95
5, 37
-20, 22
-31, 60
-31, -58
73, -40
3, -10
45, -64
20, -76
-43, 69
24, 94
94, -97
-67, -5
-6, -5
-37, -40
-44, 67
9, -92
-22, 99
-68, -42
70, -34
-42, 7
46, -78
-9, 21
85, 69
31, -24
-35, 92
-11, -56
-46, 18
-62, -84
-52, 47
-52, 35
82, -19
-3, -3
77, 7
78, -48
40, -2
-28, 7
-68, 83
63, -88
29, -88
-17, -7
3, -86
-51, 57
-2, 44
-76, -38
45, -15
48, -2
1, 27
88, 75
-71, -15
-76, -66
-87, -65
19, -85
65, -86
-33, -72
85, -97
54, 46
-99, 44
-88, 33
-31, 63
71, 3
80, -93
-82, 27
60, -64
-89, 32
33, -41
-61, -70
43, 98
11, 80
-18, -42
-6, -36
19, 20
-63, -30
34, -16
-65, 47
-79, 41
39, -69
-7, -82
66, 15
-60, 97
38, -70
-20, -99
-87, -57
51, 67
73, 69
99, -100
-58, -34
61, 91
91, 70
25, -60
22, 50
65, 36
-58, -9
27, -30
13, -31
23, 39
14, 78
31, -44
71, -36
40, 11
4, 75
75, 64
38, 97
63, 64
-71, -94
-80, 58
56, -15
99, -4
-52, -52
100, 55
20, 23
-72, 100
-20, 51
-69, -12
-8, -4
-99, 40
-80, 16
-49, 52
32, -23
4, 57
-82, 83
-21, -54
86, 56
-31, -10
16, 14
-39, -8
39, -38
88, -30
15, -24
5, 0
39, -42
-96, 42
40, -92
90, 34
-48, -77
7, 54
-39, -72
-7, -34
8, -83
-21, 18
34, 18
-60, 34
19, 79
39, 99
74, 12
60, 77
32, -14
-95, 73
-32, 88
65, 39
-11, 36
82, -58
-26, -95
59, -48
70, -54
75, 61
-91, -42
23, -100
-99, 42
-79, 96
-17, 88
31, -8
46, 93
-22, -9
-35, -5
-90, -97
28, -90
3, -3
95, -49
88, 98
88, 69
89, 26
-45, 20
6, -8
-94, 83
-50, -31
-79, 35
-93, -27
30, 83
-78, 55
-19, -49
42, 31
79, 3
-90, -11
-35, -40
-42, -29
-22, 34
-40, -76
-21, 54
67, -94
41, 78
-65, 38
-37, 98
54, -19
-17, -91
48, -23
78, -5
54, 72
-1, -17
35, -67
-24, -81
64, 69
-61, 66
-11, 86
-85, -98
-60, -24
71, -12
34, -50
9, -5
-67, -21
-91, -83
-24, 81
-66, -53
-61, -53
-48, 21
99, 94
53, -49
35, 33
-90, -6
71, -89
43, -84
39, 21
35, -41
-59, -22
-70, 51
33, 11
10, -100
54, -56
-71, 48
55, -17
93, 4
41, 51
84, 48
-97, -59
45, -60
49, -1
26, -45
64, -21
-78, 82
15, -75
42, -46
-19, 68
96, -91
-96, 22
-39, -34
66, 94
70, -29
-24, -59
99, 47
-86, 46
15, -6
55, 40
74, -8
-81, 4
67, 57
-50, 18
26, -88
-71, -44
71, 14
-48, 52
-50, -70
75, 28
96, -62
43, 46
0, 56
37, 80
-89, -17
-55, -99
49, -86
-57, 79
63, 61
25, -68
-61, 4
95, -50
-31, -43
-54, -48
74, -70
65, 11
-56, -29
-46, -4
-82, -14
64, -75
-45, -71
3, 63
49, 44
-49, 7
-65, -97
16, -13
89, 90
39, 58
25, 61
56, 99
-71, 38
-7, 66
-13, 28
40, -17
-96, 84
-31, -53
82, -10
-56, 69
46, 99
61, 100
-6, -100
-9, -29
-76, -67
87, -71
-61, -29
-87, -60
1, -74
-81, -91
-67, -54
43, -21
-70, 32
81, -64
-15, -88
-50, 43
73, -3
-19, -10
-15, -53
-19, 1
23, -56
7, -48
79, -9
-74, -25
57, -71
37, -10
85, -91
-7, -17
-3, -85
-36, -43
-7, 88
61, 15
-42, 36
22, 49
-73, 90
-22, -36
-50, -71
100, 59
38, 34
70, 27
14, 74
-24, 20
77, -3
-25, 51
96, 3
-71, -81
28, -74
75, 60
-24, 75
1, 54
-59, 33
-25, 71
94, -42
90, -11
34, 17
-41, 48
9, 32
91, 80
-12, 9
-71, -67
-64, -3
5, -64
89, 9
-66, -71
1, -43
-61, -5
66, 63
-67, 70
40, -19
0, -22
89, 89
-83, -88
-96, 32
24, -47
74, 98
-65, -17
-60, -44
34, -52
-41, 77
-71, -99
-4, 16
-100, 76
-26, -12
-19, 59
63, -88
32, -40
33, -13
4, 6
74, -16
-38, 77
77, -51
99, 99
-84, 23
24, -56
42, -72
-92, 17
-18, 18
-82, -72
97, 78
12, -2
-33, -29
14, -31
30, 30
-97, 80
-37, -63
-51, -77
-38, 79
74, 74
43, -8
-76, -53
-5, 58
47, -85
32, -35
10, 48
97, 90
24, 23
-13, -66
-51, -31
-1, 44
-42, 56
95, -82
-98, -46
60, 77
-22, -66
-72, 27
54, 57
90, 14
100, 88
54, -52
23, 5
-76, 27
53, 79
69, 55
33, -35
55, 58
-93, 49
90, -58
-75, 26
-55, 31
-67, 84
-76, -26
52, -48
-72, 56
1, 81
62, 49
-45, 38
-3, -99
-18, 20
-16, -59
100, 10
23, -37
-25, -73
74, 31
-44, -13
1, -11
-23, -87
-69, 69
74, 36
5, -58
-81, -77
44, 85
32, -76
-78, -31
9, 41
-41, 50
-47, 27
-16, 56
15, -58
-14, 25
64, -94
-63, 58
8, 9
-99, -33
10, -66
-73, 44
-29, 85
-9, 55
16, -1
-63, -69
36, 35
53, 90
-64, -4
-2, -4
-77, 62
-85, -3
-58, -27
34, -89
-72, -51
56, 16
45, 76
74, 72
49, -49
17, 57
-55, -11
29, 13
-9, 34
27, 63
-30, 82
-23, -83
58, -38
74, 74
-71, -4
-9, 94
-95, 90
23, 65
-5, 69
-36, 38
37, 56
2, 69
-20, -43
12, -90
24, 32
-84, -51
13, -56
-52, 82
27, 51
-71, -34
12, 86
15, -6
-68, 44
-70, -29
18, 25
66, 68
-27, 89
-25, 28
24, -36
-65, 17
-47, 9
83, 5
78, -32
47, 13
31, 51
17, -50
20, -21
72, 86
-87, -61
-27, 35
6, -13
19, 68
-98, 9
-49, -28
-22, -46
85, -10
-35, -17
-87, -11
-96, -47
-80, -51
-82, -58
-100, -98
-37, 74
-47, 12
-12, -35
-15, 73
-68, 93
-39, 91
54, -81
-1, 75
-8, -56
-87, 21
-72, -31
-69, -48
50, -31
-39, 32
73, 61
-17, -13
75, -68
-21, -84
-46, 63
3, 34
75, 48
64, 28
-73, -87
-14, 9
-11, -73
38, 22
52, 87
-78, -77
40, -6
5, 91
37, 54
-41, 0
37, -79
-29, -75
54, -34
-30, -99
72, -11
-52, 51
-37, -48
-41, -69
66, -1
98, -79
60, 8
95, 96
31, 42
22, 87
41, 21
-3, 36
91, -33
-6, -34
-71, -96
-60, 5
-2, 92
-34, 3
-15, -58
92, -18
-9, -1
37, 44
31, -3
-71, -93
-52, -57
-77, 86
-85, 61
-63, 11
-88, 77
-80, 81
27, -44
33, 22
0, 83
-51, 58
24, -48
-38, 12
-60, -55
63, -87
-52, 80
37, -72
25, 30
-33, -45
-6, -28
-71, 12
-39, 36
-45, -42
-53, -23
55, 80
9, 68
94, 75
-88, -22
-26, -73
7, 11
56, 55
15, 91
84, -69
-77, -53
100, 88
51, -55
32, 91
-69, 9
6, 1
84, -89
93, 15
29, 53
-64, -48
41, -84
-77, 18
32, -30
44, 64
28, 25
97, 36
35, -76
-57, -10
4, -6
86, -40
96, -23
-65, -70
50, 19
-40, 67
-3, 4
-44, -94
32, -61
65, -53
-46, 61
-30, -99
28, 79
78, -89
-71, 15
-56, -82
-39, -72
-18, -58
-94, -12
17, 86
-5, -39
39, -28
84, -27
68, 64
90, 82
-90, 87
99, 29
-39, 34
-68, -28
1, -89
79, 45
-66, 65
91, -25
-99, 97
87, -37
37, 43
96, -33
80, -45
48, 64
67, -35
-3, 36
23, -17
-71, -30
15, -55
94, -7
6, 86
83, -91
-49, 35
48, -72
97, 17
20, -38
-97, 17
4, -44
-47, 68
91, 96
-34, 24
-77, -63
-20, 47
19, -75
57, -25
97, 5
-99, 55
-28, 91
-49, -76
16, 26
-21, 38
-48, 31
12, 19
0, -65
38, -36
24, -61
-99, 24
-32, -53
4, -85
-98, 26
-74, 100
-2, 62
32, 61
83, 67
-95, 46
28, 91
83, 73
97, 83
88, -8
98, 39
-59, 81
50, 33
25, -66
91, -30
-92, -53
-82, 63
23, -65
87, 72
-10, -90
-19, -88
51, 15
71, -18
-43, -24
-69, 22
-94, 93
-97, -93
-78, 68
10, 73
-55, 80
46, 41
-54, 63
77, -68
-83, 76
37, 13
9, 76
88, -85
91, 83
-7, -1
22, 18
-95, -100
-88, 62
-55, 55
35, 56
80, -50
-84, -83
61, 48
-7, 33
-94, 42
100, 2
83, 48
-49, 22
-41, -82
-37, -46
-19, 88
60, 80
-27, -87
-70, 58
54, 49
18, 70
-45, 10
4, -90
52, -75
65, -28
-13, 62
-87, -79
78, -22
-67, 17
91, -38
-22, -17
70, 77
92, 95
-14, -82
-37, -7
-98, -47
38, -79
23, 93
-5, -82
42, -40
-32, 47
-100, 23
83, -88
18, -11
61, -40
-8, 0
40, -52
62, -40
-5, -77
-68, 48
-33, 21
50, 70
17, 21
-95, 91
45, 21
66, -97
100, 42
-34, -86
13, -91
40, -13
-48, -93
95, 13
54, 3
65, 29
52, 36
46, 95
82, 87
98, 63
-78, 21
41, 59
-25, -57
-10, -9
-78, 20
-5, -100
-86, -61
95, 28
-3, -71
100, -85
45, -7
96, 64
-28, 26
67, 44
-25, 12
-89, 22
-48, 49
60, 84
5, -48
37, 50
-5, -65
-88, 83
99, 80
-65, 26
-84, -10
44, -73
41, -63
79, -44
91, 100
62, -49
99, 10
-32, 8
30, -100
55, 9
-99, -24
-50, -97
49, 10
-14, -91
-62, -72
-92, 72
95, -50
49, 71
22, -73
-70, 35
-32, 14
23, 60
-8, 99
94, -90
75, 39
70, -25
-88, -50
-80, 90
-15, -83
50, 14
88, -5
-67, -55
-82, 73
-40, -88
43, 84
-62, 26
-96, 23
20, -12
-51, -40
3, 68
-25, 81
-97, 43
100, -97
-70, 29
-7, 44
-7, -71
83, -89
-18, -40
99, -3
22, -28
63, 12
-32, 2
-43, 92
21, 35
80, -68
76, -40
-37, 64
-49, 89
8, -35
76, -61
16, 51
-2, -98
76, 28
-60, 48
-56, -100
33, 11
-34, 3
88, -10
33, 91
-44, -88
24, 40
4, -39
9, -60
-70, 63
10, 25
0, -88
-84, -70
-43, -43
33, 71
70, 20
17, 34
69, -69
-34, -57
10, 29
-48, 7
-3, -50
82, 23
-19, 51
-87, -65
-36, -36
-50, -98
-75, -65
28, 49
-75, -45
71, 57
43, -19
21, 4
65, 89
-5, 88
-78, 79
-60, -40
-46, -72
-21, -32
70, -92
-60, 96
96, -9
29, -49
19, -31
58, 70
85, -12
-70, -14
-6, -99
-76, 96
-85, 46
40, -47
7, -52
15, 59
-24, -20
-100, -13
23, -21
-33, 69
73, -84
40, -29
53, -12
34, 84
-70, 31
89, 54
-18, -99
76, -82
66, 24
-73, 20
93, 84
85, -74
-95, -56
35, -58
-49, -6
73, 10
12, -54
-51, -53
-33, 53
14, 26
0, 95
97, 58
-5, 41
-35, -38
27, 94
4, -87
-26, 21
84, 100
8, 8
24, -39
-68, 77
71, 96
39, 78
6, 20
87, -14
-40, 45
13, 64
72, -58
-31, 42
-4, 91
87, 9
93, -41
-82, 2
-81, 40
89, -1
-31, 55
65, -57
9, 34
-25, 36
58, -47
78, 82
32, -41
-16, 17
29, -29
24, -77
75, 88
-39, 99
95, 14
-63, 60
11, 18
-34, 9
94, -31
-30, 88
-61, -80
1, -50
-50, -71
22, 59
-10, -66
-79, -95
53, 53
92, -97
94, -18
39, 86
19, -7
-25, -54
56, 26
-33, 33
24, -67
4, -97
-43, 12
-40, -59
61, -63
62, 51
27, -62
-26, -75
31, -36
26, -70
94, -37
-30, 60
-34, 72
-59, 49
62, 36
1, 28
-63, 13
33, -49
88, -85
-19, -28
-72, -81
-74, -22
-61, -57
-20, 46
73, -89
-52, -74
16, -93
-22, 13
87, -81
-57, -15
-56, -89
-59, 58
76, -42
47, -85
31, 92
16, -15
-71, -93
17, 66
31, -95
-61, 36
-1, 88
68, 52
86, -55
80, 67
23, 6
-56, -80
-31, 55
38, -96
46, 95
-10, -22
89, 21
55, -2
93, -35
-8, -29
-42, 57
0, 64
-16, -9
99, -82
-5, -12
98, 54
18, -15
-99, 29
91, 37
70, 59
-63, 68
-73, 87
-68, -92
-3, -83
-79, -22
-12, -70
-3, -85
-59, -53
-56, -51
53, -22
-22, 46
-11, 10
98, 66
-84, 58
-87, 68
56, 9
-94, 87
-10, 58
9, 56
71, -3
-84, 40
-40, 19
-17, 76
-16, -60
27, 73
65, 55
98, 90
23, -44
49, -51
-45, -3
78, 58
16, -84
28, -100
-2, 96
52, -73
-13, -29
48, -43
61, 92
-75, -11
-26, -23
2, 6
12, 30
80, 25
-75, 56
-53, -43
-30, -20
-29, 85
-66, -93
6, 51
-7, 67
57, 76
-16, -28
75, -66
83, -85
40, 19
-46, 51
-75, 95
-67, -60
53, -28
-50, 0
0, -9
-78, 31
18, 3
-6, 87
-71, -12
-56, -11
74, -100
-31, 38
83, -24
-32, 1
9, -48
49, -74
97, 64
-17, 73
62, 51
-93, 5
53, -28
-8, -17
32, 89
-3, -94
-48, 90
-39, 28
-49, -23
-74, -95
-8, -80
8, -91
54, -45
-65, 2
-33, -66
35, -79
36, -80
-19, -91
-95, 71
97, -50
-100, 61
-84, -75
-26, -24
80, -37
29, -77
58, 21
-49, -98
-58, 39
16, 48
-69, -6
73, 31
87, 92
29, 42
-22, 36
83, -36
-15, 31
-26, -17
-5, 57
-51, 44
-30, -96
51, 90
-73, -52
-7, -92
-33, -84
75, -73
-10, 81
-15, -13
-36, -83
80, -10
-80, -10
29, 73
-50, -41
74, -39
44, -47
-41, -19
13, -40
-74, -49
68, 21
99, 46
-16, 34
74, 32
-99, 71
-100, 19
-40, -46
54, -49
-80, -10
91, 67
-65, 6
-46, -78
11, -44
-40, 75
-10, -34
55, 32
88, -21
-81, -19
55, 87
73, 52
-100, -14
46, 80
34, 79
57, -50
26, -21
93, 72
70, 40
-37, -37
38, -96
25, -58
72, -95
54, 5
-87, -62
-80, 90
-65, 54
-96, 13
-51, 40
69, 75
93, 71
-27, -84
59, -37
16, -69
-3, 39
95, 8
74, 9
-77, 99
90, 43
-15, -3
1, 34
55, -53
-28, 10
-39, 2
53, -32
-79, -58
-69, 79
69, 50
92, -26
-24, -71
-74, -10
-20, -36
76, -25
-64, -38
39, -5
93, -37
-19, -42
26, 57
99, -1
-91, 33
61, -6
72, -35
87, -69
81, 82
55, 26
-68, -44
-32, 16
-74, 9
13, -47
95, 82
25, -13
61, 87
74, -81
-12, 40
85, 59
-91, -89
-42, -40
86, 84
88, 81
23, 35
10, 85
-28, -50
100, 61
30, -99
93, -36
99, 9
-35, 20
99, -57
-99, -47
-10, -24
-51, 47
48, -84
-83, 30
-16, 11
37, 67
-19, 88
72, -64
-24, -65
46, -19
-10, 98
21, -12
32, -65
34, 0
-90, -47
15, -39
13, -93
-51, -16
-23, -5
11, -59
-86, 28
-57, 77
16, 33
-38, 84
52, -22
96, 78
55, 58
87, 42
60, -85
-26, 55
-27, 66
-70, -54
62, -58
55, 60
-16, 4
-33, 85
4, 40
-93, -55
92, -13
-92, -5
65, -79
-55, 28
90, 45
-98, -56
-1, -21
84, 68
-13, -81
-77, 6
-91, 13
-9, -79
-24, -38
-80, -44
-10, -79
32, -42
23, 33
-11, 75
-65, -20
67, -3
78, 23
99, -49
-9, 82
-79, 86
63, -26
-33, 24
83, 69
61, -57
-21, -3
24, 36
63, -43
-62, -24
-84, 78
-19, 29
-92, -53
-84, -77
1, -87
30, -61
-44, 91
-1, 50
-27, -72
-94, -56
-88, -90
-5, 93
-20, 21
61, 90
-82, -54
-94, 16
-6, 0
3, -25
-72, 1
-1, -38
79, 95
-32, -30
-94, -22
-80, 36
-68, -75
-72, -4
12, -81
97, 96
-23, -37
4, -25
46, -87
-45, -4
80, -58
10, 11
57, 79
50, 51
65, 15
-45, -71
-89, 3
95, 49
-33, 10
-37, 6
24, -65
28, -87
43, -87
12, 70
-1, 56
64, 80
60, 28
-51, -65
-82, -6
-75, -29
-91, -41
5, 43
9, -47
87, 87
-57, -13
82, 31
95, 38
87, 72
98, -94
-67, 2
-20, -77
91, -84
-41, -89
-19, 16
78, -84
-23, -90
-86, 49
9, 91
42, -81
-77, 95
-99, 7
30, -56
79, 7
-59, 44
50, -51
-33, 95
11, 60
-65, -90
-67, 77
-52, -2
69, -57
-73, -68
44, 68
-56, -29
58, 86
-87, -73
42, -95
-83, -63
-10, 62
16, -26
-83, 100
95, -59
79, -71
-70, 99
-53, -25
-20, -84
94, 53
-10, 14
-75, 9
50, -8
1, -46
92, -65
-75, 61
16, 91
1, 29
44, -32
54, 100
-15, -58
-48, -36
-18, -26
-48, 5
-29, 13
-86, -25
18, -63
92, -97
-70, 95
-62, -75
12, 90
16, -22
31, 41
86, -73
97, 12
90, -80
-25, -14
-44, -81
-97, 36
85, 73
34, -67
73, -53
-30, 32
52, 48
-12, -45
78, 50
38, -39
-87, -11
-56, 23
-41, -73
93, 32
-53, 26
52, 29
11, 37
52, -41
-58, 14
94, 24
48, -74
-38, 58
-88, -70
79, 94
61, 34
28, -17
-12, -52
20, -48
-15, -48
-81, 32
-32, -65
-58, 67
-76, 8
84, 83
34, 2
-84, 22
12, 90
85, 23
74, -72
42, -62
54, -41
-73, -1
-76, -41
-48, 46
1, -52
-35, -92
35, 71
96, -18
64, -79
6, 77
23, 36
-9, -82
-55, 62
-3, 44
75, -57
87, 4
-81, -36
-31, 74
76, -92
46, -71
23, -52
-29, -29
73, -7
-78, -13
-33, 73
94, 28
-49, -11
-96, -13
57, -1
72, -80
-74, -84
67, -51
32, 48
-84, -13
-12, -43
43, -21
-45, 95
-45, 38
-46, 22
77, 59
50, -63
78, -4
-81, 93
-94, -13
80, 11
-36, 34
25, 44
44, 89
69, -35
-51, 68
-96, 86
-98, -12
99, -91
-63, 30
-82, 79
-23, 56
98, -16
-48, -18
20, -18
-8, -75
63, -60
7, 100
8, 50
19, 15
91, 33
4, 50
6, 49
66, 28
52, -86
38, -100
-82, 33
79, -55
-95, 73
-66, -54
61, 98
-23, -33
37, -48
54, 51
58, -77
33, 90
95, 71
-73, -99
41, 23
-83, 58
-65, 3
-87, -22
42, -6
-28, -15
-51, -29
-30, -91
20, 65
-68, 97
92, -62
-1, -27
66, -71
96, 6
48, 54
-10, -21
-13, -8
-67, 6
95, -45
81, 41
42, -22
-51, -92
39, 3
-23, -36
16, 62
58, 20
-97, -29
13, -11
28, -59
97, 19
-91, -66
-13, -68
-78, 10
-47, 36
-67, -68
-67, -97
35, 5
23, 80
-34, -19
40, 7
-52, -49
83, -71
15, -13
-80, 68
38, 4
-14, 94
-54, 23
-62, -4
-52, -92
96, -23
-67, 17
87, 88
-88, 1
-89, 15
-31, -82
50, -35
-8, 29
-93, 57
-45, -40
44, 35
37, -31
51, 51
-35, -77
99, 84
47, -94
-54, -45
80, 52
-76, 24
95, 92
-56, -71
20, -89
90, 53
33, 25
-21, 76
5, 65
11, -90
66, 47
-67, -47
-55, -53
49, 6
24, 15
-70, 71
-61, -36
-31, 26
99, -54
-58, 8
94, -92
-54, 77
21, -42
12, -60
-60, -45
44, 37
-55, 82
-66, 14
-4, 44
-68, -89
-83, -100
-6, -60
51, -1
87, 24
18, 11
21, 16
-25, -95
87, 82
20, 89
-42, -63
-16, 55
10, 34
84, -64
-21, -44
14, -24
82, 97
72, -68
83, -51
-55, -76
-25, -84
-93, -59
38, -89
-96, 35
-85, 49
62, 23
-81, -34
-93, -46
-53, 85
-47, 64
80, 2
-20, 71
-54, 77
12, -4
-34, 64
-32, 16
85, -62
-68, -39
-66, 34
-57, 92
-86, 8
-31, -65
16, 76
-68, 20
-21, -79
-20, -19
6, -5
-66, -72
84, 45
-63, -25
-35, -74
10, 71
5, -16
-19, -98
97, 75
25, -34
16, 73
-48, 46
36, 21
38, 40
39, -75
92, -40
89, 61
-9, -19
61, -69
-51, 88
62, 9
-54, 67
-44, -61
90, 46
-59, 84
-40, -36
-22, -56
-6, -65
16, -45
39, -68
78, -79
28, 27
73, 0
16, -97
24, -9
-10, 46
-45, -82
87, 3
29, 7
-26, 9
-27, -65
-50, 26
-78, 95
-81, 72
-97, 46
61, 3
40, -68
-15, 7
-87, -32
75, 90
-45, -74
92, -90
-6, -11
26, -92
-58, -90
47, -58
33, -5
27, -48
95, -24
39, 24
61, 51
-91, -34
46, -28
-59, -93
-3, 2
97, -99
43, -84
99, 18
-8, 33
-72, 47
-9, -8
-55, -87
15, 80
70, 28
91, -68
-33, 71
-90, 29
-29, -76
-20, 21
34, 58
-6, -5
19, -29
-77, 0
-19, -19
98, -83
67, -56
-90, -83
58, 14
48, -33
96, 22
-23, 94
-65, -56
80, -67
-14, 39
27, -53
-64, 9
-98, 64
-87, -86
66, -88
48, -15
-43, -62
-100, -62
-34, 16
-70, 2
-40, 33
-75, 99
-39, -47
-6, -96
-79, -68
-15, -4
-28, -79
-57, 87
54, 68
-16, 82
-36, 49
81, 11
-53, -37
-92, 35
38, -32
-66, 89
28, -59
-76, 4
-94, 20
80, -62
2, -59
87, -75
96, 95
-41, 94
-42, -26
2, 62
34, -51
86, -59
66, -14
-100, -9
-58, -92
73, -66
51, 92
8, -29
88, -98
-61, -34
-66, -8
25, 88
44, 78
96, -25
-45, 74
54, 45
17, -17
78, -38
61, 16
-18, 62
-98, 44
-46, 47
-57, 30
88, 99
-32, 98
-8, 36
-29, 62
18, 57
-42, 55
-72, 3
57, 56
-40, 2
71, -32
62, -1
-13, 35
-97, -94
72, -9
58, -69
4, -80
-42, -87
-13, 86
-74, 10
13, 84
43, -60
99, -11
0, -65
81, 78
-52, 27
61, -98
-77, -98
10, -55
5, -13
-62, 69
-95, 91
-55, -36
-55, 71
79, -37
-100, 0
-24, -93
63, -80
-6, 38
-67, -18
47, 91
-93, 63
-78, 40
-10, 5
8, -95
49, -48
70, 34
28, -41
3, -89
-79, -83
28, -12
58, 48
-87, -27
-40, 6
-53, 84
-75, -53
22, -22
87, 29
-40, -73
29, 29
35, 48
-91, 66
-94, 63
95, -73
67, -65
-24, -45
-13, 74
1, -24
39, -57
-77, -57
-77, 92
12, 4
-71, 87
0, -74
62, 54
-48, -34
-85, -89
65, 62
33, -50
78, 33
7, 97
28, 22
-41, -74
26, -62
-15, -37
-73, -22
8, 88
90, 83
-83, 2
86, -86
20, -45
-95, -95
-76, -76
57, -19
-75, -59
76, -62
25, 18
-34, 67
-61, -86
30, 68
-98, -78
100, -81
77, 40
-94, 87
-11, 4
-74, -75
3, 89
-60, 47
-8, 10
-97, -75
56, -33
-1, -24
90, 60
70, -91
39, 62
4, -26
34, 45
-9, -51
-79, 37
-40, 29
-49, 40
-51, -45
42, -59
-68, -71
38, -90
50, 41
75, -23
91, 3
64, -40
-98, 82
-65, 19
15, -67
61, -88
16, -37
-64, -94
-99, 54
-42, 88
85, 90
81, -25
1, -11
-82, -34
-27, 4
-61, 7
79, -81
61, -64
-77, -16
-89, -50
38, 72
44, 0
78, -52
25, 14
83, 33
65, -79
32, -33
-33, 57
30, 2
86, -81
55, -62
-32, -12
-86, 74
16, -44
-54, 29
83, -70
81, 69
-13, 26
-12, 96
60, -83
20, 10
51, 49
-54, 64
88, 22
-13, -90
4, 29
-33, 26
-44, -29
-79, -26
18, -33
-26, -9
46, -38
-2, -54
82, -78
30, -72
-66, -74
50, -74
-98, 96
-58, -30
-21, 12
-95, -6
-24, -61
-58, 24
-44, -97
-96, 84
63, 55
90, -41
56, -5
96, 80
-82, 33
-96, -6
44, 68
-18, 88
45, -45
31, 89
-46, -48
-53, 25
-65, -87
33, -57
-54, 1
-46, 19
-14, 9
-97, -12
83, 69
37, -6
3, 63
27, -48
11, -20
77, 2
-94, -60
50, -15
-94, -58
27, 53
-43, 90
-11, -22
-10, 20
79, 27
-62, -10
-87, 79
-20, 43
-65, -54
-86, 32
67, 43
77, 84
-31, 52
-25, -66
23, 79
33, 45
0, -4
-36, 49
91, -14
29, -60
34, -97
41, -74
3, 95
-71, 46
-16, 72
-6, 54
-60, 6
10, 3
-23, 27
-27, 86
65, -92
-28, -29
-17, 88
-28, -28
-49, -76
38, 61
91, 15
52, 95
-14, -72
17, 37
23, -11
-95, -35
14, 44
33, 80
41, 74
74, -24
