10000
79, -32
-56, 53
-87, 96
-43, -83
19, -98
20, -25
6, 15
-91, 100
19, -92
-20, 4
-12, -27
49, -44
26, 78
-6, 47
-21, 12
-53, -56
7, 37
22, -28
99, 62
5, -40
3, 32
45, -4
11, 80
97, -46
-63, 0
-69, 65
79, -92
-85, -35
-13, -38
1, 20
-25, -99
91, -75
53, -50
-16, -56
-1, 7
-63, -4
67, -69
-80, -85
65, 3
-76, -79
-35, -82
69, 73
-31, -20
-13, -66
40, 16
4, 18
39, 73
34, 80
99, 65
55, 26
-83, -45
91, 58
15, 33
3, 81
100, -9
90, -58
-77, 87
-73, 44
-90, -5
-10, 51
28, -55
-64, 83
-80, 48
-46, -74
3, 72
23, -60
-85, -9
-78, -87
-88, 86
-36, 94
-58, 34
87, -78
21, 77
-48, -24
-80, -54
83, 20
-19, -34
-59, -10
34, 51
-9, -20
12, -12
-47, -30
-5, -83
-92, 37
-57, 42
-10, 3
-80, 6
70, -68
-40, -58
22, 29
81, -44
54, -6
-46, -70
42, -15
-94, 57
97, -73
30, 16
-69, -97
-72, 37
82, -78
30, 100
-7, 55
59, 49
94, -39
-96, 5
47, -51
30, 54
8, 30
-9, -44
72, -50
-27, 74
-45, -46
23, 86
45, 97
81, -85
-80, -26
-96, 88
-79, 100
99, -25
22, -38
34, -68
98, 61
-29, -20
-27, 52
-96, 9
-94, -27
17, 55
-47, 50
83, -49
-63, 44
-42, -86
88, 23
47, -61
39, -14
11, 72
-37, -35
97, 62
-29, -59
-64, 19
43, -68
85, -93
-32, 27
-59, 25
89, 73
-12, 6
-5, 3
38, -3
38, 11
-79, 33
63, 8
-36, 54
15, -55
-97, 41
82, 53
-100, 49
-92, -30
-32, -13
-35, -71
2, -56
-90, 93
-68, -26
-66, 97
20, 88
-58, 40
54, 52
36, -8
86, 15
-98, -1
-42, 25
36, -85
-86, -55
42, 30
-98, -72
-5, 95
-11, 53
-87, -45
73, 63
-100, -35
26, 73
57, 26
57, 15
87, -88
24, 38
-21, -94
53, 44
29, 0
-73, 94
-68, 16
-35, 26
-49, 1
62, -44
50, 22
-13, 8
100, -94
-84, -92
-10, -95
-3, 63
14, 0
-47, 86
-6, 100
-12, 100
-19, -86
-83, 3
40, -51
-48, 69
62, 33
37, -82
-74, 73
91, -56
19, -71
54, -79
-94, 5
57, -62
-17, -3
70, -2
-98, -30
-53, 85
-87, 99
-43, -95
-6, 0
68, -37
-51, -37
-1, -92
32, -55
75, -54
41, 68
-36, -47
33, 66
73, -37
59, -16
-40, 34
-70, 14
-84, 79
-90, 98
-73, -61
83, 11
63, -93
-14, -97
-17, 1
-51, 92
51, 11
-40, -9
-82, 48
81, -62
-2, 1
32, 94
-3, -50
78, 4
-20, 9
35, -71
-44, 55
90, 84
-13, -97
37, 56
-98, -19
87, 79
-84, -5
-89, 28
1, 25
89, 87
100, -68
-19, 96
84, 70
-7, 63
-24, 57
30, -57
33, -57
-5, -82
-7, -72
84, -14
-99, 89
-81, 52
38, 81
-87, 6
34, 41
-33, -14
88, 16
-62, 9
-37, -81
89, -37
29, 85
-1, -41
96, 23
-27, 66
-82, -39
-41, -50
97, 13
2, 75
83, 11
0, -29
-83, 74
-83, 35
-68, 1
-16, 77
84, -46
9, 82
47, 3
58, -84
-60, 26
-18, -8
-51, -27
31, -4
52, -15
89, -4
-33, -25
33, -78
72, -78
49, 95
96, 17
-88, 17
-31, -100
11, -38
27, -36
-19, 59
27, -21
61, 70
-56, -48
-84, 21
-15, -52
31, 98
-90, -42
-78, 81
100, -25
9, -99
1, -74
15, 30
-38, -32
74, -71
-51, -61
49, 8
48, 97
-37, 49
-92, 7
77, -75
-72, -69
81, 4
-54, 59
-82, 90
22, -46
95, -99
-10, 83
-59, -81
8, -78
82, 61
75, 68
6, -79
-2, 55
40, 91
-13, 27
-42, -61
-65, -23
-70, 55
-15, -75
78, -90
26, -47
82, -19
-83, -79
48, -4
38, 46
22, -33
28, -53
-32, 60
-82, -42
-54, 76
93, 46
32, -28
-49, -80
3, -22
39, 23
-88, 60
-10, 53
29, -43
29, -23
-76, 1
-75, 46
-51, -38
-45, 5
-46, -15
-45, -65
-53, 25
-75, -91
57, 72
-40, -37
32, -50
90, 97
22, -13
-91, 50
70, 13
-74, -72
-72, 67
-94, -33
-28, 63
-82, -73
98, 43
-38, 18
-61, 69
-64, 68
33, 57
86, -64
77, 54
-55, -34
-95, 89
-53, -17
-7, -97
88, -83
17, 90
-82, -100
64, 13
-8, -65
-15, -2
-20, -56
59, 61
-66, 90
70, 2
-25, 25
-6, 96
-68, 93
-34, -39
-78, -95
-49, -100
23, 23
-53, 5
-3, -33
13, -70
47, 55
55, -14
-90, -75
26, -96
-92, -19
-29, -87
53, 83
-19, -72
-44, -8
-44, 96
-63, 20
33, 42
-17, -61
-35, 21
41, 93
-64, -99
99, 99
15, 19
11, -4
-30, -51
-37, 35
-75, 7
50, -31
-60, 4
-39, -74
-47, -14
-81, 86
34, -100
66, 60
11, 32
-100, -97
-69, -89
20, -33
-99, 0
-22, 26
-8, 64
18, 17
-91, -4
-20, -65
-62, 50
46, 83
13, -67
67, 98
-26, -2
37, 15
83, -26
-29, 81
22, -7
-43, -20
-39, 97
40, 16
32, 4
-79, 95
14, -26
6, 24
55, -84
-7, -74
95, -66
-15, 4
-39, 70
-76, 50
96, 29
-84, -26
-87, -80
-54, 87
26, -37
-51, -95
12, -32
-16, 49
84, 48
-44, 48
65, -71
-30, 82
71, 86
75, 22
34, 99
-98, -45
-19, -25
89, -50
-89, -21
-58, 44
88, 43
-93, 7
-20, 16
61, 50
-79, 70
-78, -44
66, 94
53, 86
63, 91
34, 72
89, 89
12, -53
-24, 20
69, 78
-3, 93
41, 87
-78, -86
-44, 78
92, -81
81, 52
-35, 2
30, 27
83, 41
-26, -95
37, 37
79, 44
55, 30
47, 32
-40, -37
-28, -59
3, 74
-63, 7
-55, 15
42, -36
-88, 32
-65, 92
-38, -51
-11, 88
18, -93
-91, -60
-17, -84
-48, -87
-77, 43
14, 87
71, 55
-49, -21
97, -14
-100, 45
-95, 81
-5, 64
4, -75
99, -13
41, -4
81, -60
-30, 68
-95, 51
-83, 9
23, -88
28, -12
-78, -38
-16, -14
16, 9
-18, 58
-56, 52
13, -58
58, 50
-35, 19
99, 20
92, -96
53, 4
59, -60
-47, -39
62, -8
43, 100
-97, 6
24, 17
41, -10
78, 82
87, 77
7, 56
35, 72
100, 30
11, 44
55, 0
26, -93
-20, -15
80, -95
81, -89
74, 83
-2, -97
32, 17
52, -56
-36, 7
57, 81
-99, -44
-63, -6
-57, -19
48, -75
-28, -15
79, -57
77, 100
-96, -46
18, -26
84, 34
-53, -67
-66, -2
-82, -48
40, 26
31, 11
-100, -44
-6, 69
-35, -90
91, -40
-29, -42
-62, -15
99, -99
4, 78
22, 21
12, 95
70, -41
64, -83
65, -71
73, 10
-41, -38
-42, 70
-28, 25
20, 67
-85, -65
-82, -59
64, -92
-14, -52
-64, -44
92, 26
64, -55
26, -29
72, 31
76, 100
-61, -71
74, -24
-72, 48
-75, 2
32, -7
7, -22
-5, -43
13, -27
99, -78
86, 30
60, 46
-49, 25
-48, -24
97, -57
78, 1
17, -5
92, -92
29, 50
79, -100
66, 7
-55, -68
26, 43
-15, -59
-91, 93
99, 99
-85, -3
-60, 5
-66, -23
47, 21
9, -73
72, 52
27, -100
66, 31
-84, -34
72, 97
-47, -57
17, -29
96, 22
-23, -15
1, -81
80, -67
4, -78
2, -53
93, 32
95, -10
-57, 2
40, 77
40, 91
98, -41
-57, 22
-68, -17
-8, 20
-70, 31
-22, -50
-67, -65
18, -21
-59, 39
17, 64
79, 67
59, -32
9, 65
-17, 59
0, 39
94, -7
46, 33
-73, 9
-56, -77
-95, -26
-69, 12
29, 41
-10, 25
-29, 39
77, -17
8, -84
-15, 53
-78, -15
-68, 12
-64, 9
-36, 72
16, 97
65, 81
-38, -80
6, 40
-21, 84
5, -7
70, -42
76, 43
74, -78
-45, 48
85, -66
-80, -34
-27, -34
-63, 20
1, 68
-4, 36
-100, 72
-81, -24
21, 100
40, 20
-92, 78
-24, -67
30, -12
-17, 86
-31, -32
-48, -98
-85, 28
-63, -46
-65, 35
-58, 85
-72, -23
46, 100
-45, 6
-91, -23
-22, 20
-37, -92
-23, 100
-22, -3
93, 16
-91, -20
-25, -70
-47, 8
76, -98
-8, 84
4, 59
-40, 10
-46, -53
24, 45
17, -1
-43, 86
-35, -37
-63, -68
-61, -10
-80, -19
-58, 43
37, -29
6, -70
9, 98
-30, -8
-52, -26
33, 86
84, -9
57, -20
-97, -99
71, 3
4, -39
82, 6
-4, -28
-11, -27
-79, 57
-90, -77
-17, -19
50, -47
-28, 32
-24, 37
78, 88
-66, 36
-69, -68
57, 34
-98, -29
4, 26
-45, -71
82, -60
-83, -91
-96, -36
-50, 74
-43, -30
44, -7
17, 29
27, -8
60, 83
14, -79
3, -13
-74, 33
72, 0
12, 30
-22, 52
-12, -41
-100, 46
-6, 84
-17, 22
-66, 42
-91, -62
90, 23
-8, 45
-83, 100
16, 51
85, 100
53, -13
-9, -32
33, -51
52, 6
44, 58
-24, 22
65, 46
-52, -13
-20, -78
-31, -6
-39, -94
-52, -30
10, 74
27, -91
-23, -90
-89, 89
71, -97
4, -10
52, 52
24, 24
-66, -52
-55, -34
59, -8
-4, 10
87, -51
-23, 95
-40, -15
17, -40
-90, -79
-15, 31
67, 56
63, -2
-75, -92
7, 48
-67, -31
74, 0
-60, -98
10, 52
36, -61
72, -59
53, -13
-42, 12
82, -53
-39, -48
-23, 37
-18, 71
80, 73
-38, 47
93, 30
67, -6
8, -77
-6, -5
55, -42
13, 9
57, 36
83, 42
-38, 80
39, 11
-21, -94
93, -29
-58, 59
35, -17
-20, -45
37, 1
-15, -70
13, -57
-45, 56
76, 90
-6, 46
-77, 77
95, -21
-64, -77
2, -40
-20, -58
42, 62
45, 22
-31, -36
-44, 77
1, -47
11, -78
-100, -80
-10, 46
47, 83
-2, 81
-31, -51
64, -73
-95, 33
-53, 65
10, -74
89, -31
-98, 58
1, 49
-100, 21
99, -75
51, 74
43, 74
-64, -3
-77, -17
74, -96
52, 52
-10, -14
-33, 28
7, -4
30, -94
33, -82
3, 44
-40, -6
-61, -60
41, -90
-20, -68
72, -36
-12, 22
89, -62
36, -14
-85, -70
-94, -1
-49, -18
-39, -16
20, -86
-21, 27
-67, 69
-41, -53
59, 81
3, -59
54, -85
93, -36
-23, -62
-91, 44
82, 10
-19, 39
-99, 67
15, -57
-12, -20
-78, 22
-62, -93
81, 87
25, -37
75, 61
-41, 82
-61, -56
74, -6
-40, 33
-23, 59
99, -10
26, 13
33, 73
-90, 66
-99, 99
58, -97
67, -47
-9, -43
-24, 74
44, -56
-7, 56
-72, 68
63, -6
61, 35
90, -86
-79, -78
2, -21
-80, -79
72, -80
-95, 10
83, -80
-47, 47
-19, 59
-28, -43
6, -63
-25, -43
-2, 58
48, -38
-16, -75
13, -6
59, 3
-68, -55
77, 62
40, 53
55, -61
31, -73
-54, -92
7, 74
41, 75
-81, 39
63, 35
75, 79
56, -91
16, -60
-7, 6
32, 31
-85, -63
-61, -29
92, -82
-54, -90
-40, -29
35, -95
-43, 50
-31, 6
-28, -67
60, -70
54, 55
43, -45
-33, -36
67, 92
-80, -48
-85, -12
-24, -88
99, 67
-62, 24
22, 9
96, 67
-53, -59
-48, -11
-71, 49
11, 69
12, -40
31, 57
-7, -74
29, -18
89, -94
88, -7
66, -12
-29, 54
-91, -50
-56, 50
-40, 56
-79, 57
82, -93
68, 54
79, 10
12, -68
3, -71
41, 83
99, 67
82, 65
-61, -37
-36, 57
-2, -97
-74, -28
-26, 29
84, -94
-30, 19
-83, -18
82, -61
10, 13
-40, -58
-6, -20
-52, -30
87, 88
31, 2
93, 45
52, -59
-41, -89
78, 58
27, -3
10, 70
-80, -3
-73, -68
-77, -46
-70, -20
-63, 36
-88, -36
21, 71
-48, 14
-63, 20
35, 56
82, 79
-39, 72
98, -36
-55, 76
-86, 38
-51, -69
42, -78
-54, 22
-6, 43
-75, -16
-79, -53
-54, 56
81, 82
3, 13
-64, 23
-42, -17
-94, -35
-82, 39
86, -97
99, 71
94, -62
59, 58
-52, -56
-10, 27
66, -18
28, 19
57, -26
-81, 81
-60, -42
-5, 60
81, 1
-74, -28
59, 79
96, -85
-2, -14
-71, 10
-57, 39
-9, 85
18, 58
27, 41
-87, -68
-88, 44
29, -57
-66, -19
-2, -86
74, -98
45, -64
27, -70
34, -33
-17, 5
70, 39
-42, 36
-59, 89
-24, -85
44, 2
-88, 8
-92, 50
88, -23
80, -81
-80, 19
-72, -95
-40, 17
89, -70
38, -42
82, 40
-70, 30
100, -37
-93, 48
18, 62
-24, -10
51, -40
24, 37
39, -85
98, -99
68, -35
55, -50
-31, 97
27, -39
44, -84
-48, -31
-93, -42
-23, -29
-83, -26
72, 85
-29, -6
-55, -92
-83, -2
75, 94
46, 98
67, -9
-70, 62
-97, -34
2, -98
14, -13
-62, -66
47, 69
4, -65
49, 76
-83, 56
60, -46
71, -95
-18, -57
11, 93
88, -19
87, 49
67, -12
80, 42
-36, -53
74, 64
51, -12
54, 43
-38, -98
-11, -18
-32, 65
-2, -52
-73, -89
39, -40
-58, -92
85, -31
-69, 16
72, -40
-84, -81
-52, -99
49, -3
69, 84
86, 20
-83, 100
-4, -40
1, -49
-49, 22
-52, 50
-6, 64
2, -82
28, 12
-59, 86
-34, 44
0, 70
-52, 48
13, 96
18, -8
-6, 97
12, -71
4, -69
-4, -47
-100, 5
45, 11
74, -6
76, -20
-98, 63
78, -36
-81, 3
36, -14
-26, 2
15, -37
-43, -7
-45, -61
80, -43
-1, -23
35, -1
21, -78
77, -43
38, -70
21, 83
-25, -4
85, -62
35, -86
88, -86
29, 94
86, 58
-75, 28
40, -34
-72, 95
-61, -6
91, -51
15, 33
82, -44
-68, 89
86, 46
-41, -49
-83, 1
-71, 1
100, 78
97, 71
4, 6
-80, -72
-27, -14
-92, 42
-84, 56
67, -40
-48, 5
-28, -21
-36, -79
-89, -1
47, -52
76, 46
-53, -62
22, -83
59, -95
23, -22
69, 36
7, -98
44, -16
-17, 19
-15, -64
15, -95
-60, 47
-18, -89
-35, -11
-85, -65
49, 74
59, 99
-29, 31
-9, -95
11, 29
81, 45
22, -13
68, 43
52, 73
87, -72
-50, 75
-58, -42
81, -41
-78, -69
-49, 34
-20, 48
37, 86
66, 36
45, -49
41, -72
27, 100
15, 55
93, -73
22, 95
7, 47
-11, -28
-28, 2
78, -56
21, 85
1, -8
-96, 87
57, 20
-73, 79
20, -8
71, -99
-64, -17
23, -87
28, 47
-90, 26
72, -33
-64, -9
46, 99
34, -61
-49, 1
-89, -68
58, 82
61, -83
-47, -19
-37, -46
70, -94
18, 95
67, 73
54, 94
16, 25
-55, 17
-37, -73
11, 5
-78, 5
-17, 29
47, 83
24, 75
-42, -35
78, -69
-64, -89
2, -36
56, 16
-41, -32
-63, -19
-63, 44
43, -75
18, -91
99, -75
17, 60
24, 8
19, 52
58, -43
-48, -22
-68, -98
-52, -56
24, 93
-49, 72
-59, -18
24, -58
-22, 88
93, -54
-35, -43
-4, 92
-24, -36
88, 82
-77, 46
82, 6
32, -57
-79, 31
-37, 76
-19, 5
-44, -98
58, -58
-29, 18
72, -25
92, -6
32, -18
-25, 81
-33, 77
-41, -47
88, 72
79, 16
93, -83
-65, -96
52, 96
-9, 65
29, -55
-14, 76
-37, 54
55, -36
12, 62
-64, 61
-27, -19
40, -76
86, -36
-5, -3
35, -83
-80, 66
92, 100
-90, -37
-66, 67
14, 90
40, 57
-25, -18
50, -96
-100, 1
-59, -7
73, -94
92, 33
18, -15
-39, -1
-92, 81
93, -85
2, -71
-95, 76
87, 35
-62, -90
-34, -80
-39, -13
-95, 35
19, 13
14, 73
-23, 5
47, -5
-41, -5
40, 60
20, 55
27, 62
24, 89
-43, -5
-64, -26
-97, 48
22, -2
37, -35
95, 85
-10, -85
-14, -93
-99, -11
51, 70
-11, 72
-19, -2
1, 85
-51, 93
-96, -26
-14, 25
41, 61
-95, -56
47, -46
88, 33
-16, 12
57, -92
56, -55
38, -70
15, -37
-11, 57
64, 55
56, -53
21, 33
96, -14
42, -29
-47, -72
49, 14
-76, 49
26, 62
70, -43
65, 31
47, 27
-30, -41
-12, -51
-2, -9
34, -13
-85, -9
65, -89
19, -95
13, -10
24, -23
0, -76
-87, -61
-6, 72
8, 54
-56, -69
-39, -2
90, -85
52, 62
84, 45
38, 97
-24, -81
-44, -49
84, -23
-3, 99
-22, 69
80, 10
62, 64
-35, 17
-8, -72
-81, -25
-18, -20
-39, -36
2, 26
-83, 57
-16, -16
87, 70
59, 67
-4, -70
-77, 58
37, -33
31, 48
-83, 37
-3, -100
-40, 58
61, -72
-20, 39
-71, -31
75, -98
86, -34
88, -29
-13, -83
8, 99
-76, 8
44, 48
44, 78
-57, -48
65, -2
20, -18
38, 82
-40, 85
-71, -39
-75, -42
-89, -32
-50, -34
15, -16
-40, 23
-89, -3
58, 51
-12, -82
-78, 80
-73, 79
-77, -94
-21, -88
44, 20
63, 31
79, 94
-14, 54
-43, -71
-29, 29
-43, 2
-1, -4
59, -68
27, -86
52, -52
-87, 67
-40, -60
82, 71
65, -88
-30, -78
-70, -53
79, 37
41, -95
49, -79
34, 27
50, 72
-44, 6
35, 94
77, -23
70, -16
17, -86
50, -20
-66, 12
-33, 40
-28, -89
66, 70
-48, 37
-80, -8
-33, 64
84, -39
-96, -17
88, -68
-79, -77
-71, 34
19, -15
22, 10
80, -14
50, 84
-62, 64
65, 22
92, -81
-3, -91
-28, -24
-48, 17
-21, 60
-79, -62
-84, 63
49, 88
-49, 0
88, -84
-90, 3
7, -17
-93, -70
-59, -68
93, -42
28, 70
-27, 7
-21, -77
82, -25
85, 38
-41, -20
41, -21
-17, 90
33, 95
93, 20
53, 42
-21, -51
-75, -77
-92, 94
-100, -20
12, -61
-88, 50
-11, 77
27, -5
-27, -92
20, 6
-77, -81
-49, 45
-52, 59
87, -40
86, 26
48, -26
-58, 5
87, -62
-66, 61
16, 38
11, 29
-53, -26
70, -63
-63, -87
47, -55
-70, -45
70, -74
76, 92
94, 26
-29, 80
100, 38
-96, 31
46, 47
88, -75
-42, 90
-47, -78
-52, -52
8, 70
54, -86
-42, -57
-57, -25
-83, -98
73, 86
100, -62
-40, 21
-99, -96
72, 25
-18, 56
-84, -49
92, 72
-1, 90
-24, -87
-26, -54
31, -100
46, 64
-73, 69
-59, -3
52, 10
-32, 32
-87, 47
1, 58
-69, 72
11, -31
5, 8
-93, 42
-37, 41
33, -99
47, -93
24, -79
-56, -71
-78, -50
-80, -69
43, -60
62, 93
5, 83
-73, -89
-28, -93
-19, 45
35, -91
97, -40
26, 63
-88, 86
-19, -81
-67, -33
-30, 6
59, 20
-29, 99
10, -16
-71, -59
53, -41
74, 35
-34, 3
38, 29
24, -68
43, -83
28, -48
-86, -76
-6, -50
-54, 43
6, 65
-29, -30
-51, 74
87, -74
45, 32
-1, -13
6, -51
-33, -2
53, -2
-29, -93
51, -99
-92, -64
-56, -64
-18, 62
-77, -47
97, -1
-3, -79
21, -65
-55, 36
90, -14
-41, 9
9, -81
-28, 74
-73, 59
-19, -3
-6, -91
63, -87
73, 69
-80, -81
-62, 20
73, -46
-87, -96
-85, 35
-13, 18
11, 89
41, 26
-44, 43
7, -54
-75, 49
60, -66
58, 81
-6, 71
12, -33
97, -39
-100, -59
-25, 91
-99, -66
-53, 85
51, 60
-60, 57
-99, 39
17, 67
-80, 78
51, 37
-86, 94
4, 56
-18, 41
69, 30
-64, 69
76, 70
2, 77
-32, 99
55, -45
44, 35
-28, 14
-30, 72
85, -74
27, -99
-35, -68
-23, -32
-16, -97
-49, -14
67, -13
83, 97
-77, -17
-32, 69
-75, 95
25, -47
-53, -63
86, 4
-44, -3
-3, -81
84, 76
-60, 95
-20, 57
-43, 59
50, -50
-86, -65
21, 37
37, -25
-86, -29
57, 28
-10, 61
-12, -95
33, -75
-76, -10
-49, -1
-57, 80
-98, 82
65, -82
60, -92
86, 60
-85, -67
-49, -13
84, -77
80, 28
-37, -78
-35, -22
-41, 0
-75, -23
-90, -69
-82, -37
-74, 83
-78, 17
18, 40
58, 12
27, 77
17, 81
51, 46
91, 19
54, 57
-73, 71
-15, -81
51, -33
-85, -23
-62, 34
78, -1
-40, 45
82, -83
37, -47
44, -79
66, -3
-56, 55
-77, 14
-81, 83
-39, 7
-72, 83
-56, -62
-23, -19
58, 51
-21, -71
2, 17
-33, -98
-99, 76
39, -89
-23, 56
1, -88
-3, 96
-65, 22
-54, 12
-63, 98
-57, -5
-51, 63
0, 61
-71, -13
11, -28
-36, 52
-80, 90
-44, -82
100, -8
95, -65
-90, -33
-54, -81
-69, -63
49, 11
-34, 51
51, -67
26, -8
33, 52
78, -6
83, -53
-38, 63
-7, -91
95, -55
19, -47
-23, 67
-28, -51
-7, -55
-23, 37
95, -91
7, -38
-1, -79
-36, -24
-50, 56
-84, 38
78, 0
-19, 5
-67, 60
-36, 74
19, 93
18, 54
-45, -86
69, -76
-24, 70
65, 61
71, 92
-17, -10
7, -32
4, 15
41, -92
62, -50
79, -82
-71, 5
-5, -24
-59, 37
-71, 80
-93, 54
-29, 26
-78, 98
38, -14
-77, -94
-75, 42
-25, 73
-79, 66
45, 42
-100, -79
72, 46
-52, 38
-79, 4
49, 1
52, -88
29, -41
96, 4
-54, -22
-74, 19
69, -18
-8, 19
-74, 74
-53, -6
-34, 64
64, 88
-78, -35
-44, 33
-70, -20
39, -57
-35, 95
-59, -59
-96, -83
6, 35
73, -44
37, -36
-15, -1
-96, 11
-47, 19
-23, -4
-19, 44
-60, 89
37, 98
43, 31
85, -25
84, 49
61, 90
-13, 73
-66, -94
-80, 59
-91, 54
-72, 65
-3, -63
78, 96
40, -59
64, -11
-97, -77
64, 64
6, -4
41, -38
64, -24
-68, -71
41, 33
58, 34
-80, 60
-68, 73
18, 49
54, -46
22, -49
-82, -28
34, 82
-73, 29
-16, 59
6, -82
-83, 54
82, -71
6, -93
57, 65
60, 84
36, -39
-87, -41
-50, 87
66, 76
16, -94
-62, 56
-40, 25
-89, 39
99, -48
60, 81
-57, -65
22, 93
10, -29
-30, -84
94, 51
-35, -24
4, 66
-86, 84
-4, 75
84, -28
90, 16
-43, 51
-80, -32
93, -68
41, 77
73, 33
35, 33
-58, -97
54, -89
-68, -38
-14, -78
23, -35
37, -30
-76, 63
-61, -51
57, 51
-26, 77
-52, -25
48, -67
-64, -95
28, -72
57, -21
-84, 20
53, -1
81, 49
-64, 34
14, -90
-32, -36
-29, 30
93, -45
-72, 33
54, -11
7, -35
95, -69
24, -75
-79, -6
69, 99
-19, -96
-59, 2
-54, 35
-29, 17
74, -29
-19, 27
-3, -82
25, 71
65, -85
-52, 86
25, -38
60, -11
28, -64
43, -27
-52, -69
-15, -42
-84, -31
49, -7
-18, 53
-4, 42
-28, -32
-89, -94
74, 56
89, -98
-16, 20
44, -25
-93, 3
-91, -38
-13, 88
12, -67
-40, 95
-84, -44
9, -87
-100, -11
45, 26
11, 46
0, -30
92, -85
73, 24
-64, -3
36, -66
41, -59
95, 63
70, -8
88, 77
70, 1
60, 50
15, 24
-17, -26
36, 30
75, -71
26, 43
-16, -20
68, 71
1, -57
-60, -28
53, -46
-42, -4
-39, 17
84, -97
-46, 44
62, 87
-61, -13
21, -4
-85, 81
-3, -34
-76, -23
-45, -3
24, -60
45, -52
-76, 92
44, -14
43, -63
61, -82
-20, 33
88, -19
-21, 51
-9, -4
29, 17
-25, 27
3, 49
17, -39
-71, 95
-79, 72
-12, -18
85, 1
-9, -86
97, 68
-32, 14
-80, 83
-28, -10
5, 67
-100, -24
44, 16
-11, -72
-8, -47
-75, 76
-69, 52
-25, 23
31, -61
19, -32
5, 99
-40, 17
89, 50
-16, -5
-4, 65
51, 49
6, 3
-88, -21
-45, 16
-3, 14
-48, -71
9, 68
-29, 12
66, 17
-9, 47
-78, -49
63, -78
-89, -63
17, 46
-29, 96
53, -55
-32, 57
22, 40
-60, 94
19, 36
46, -68
72, 79
64, -56
-54, 65
23, 31
47, -87
67, -20
-31, 8
85, -73
98, -1
-70, 88
68, 0
27, 62
86, 35
79, 15
-24, 45
37, -100
-14, -69
-52, -3
62, 20
56, 89
22, 69
-33, 18
20, -43
-90, 65
-31, -39
14, 11
-26, 55
79, 49
-38, -79
8, -88
-35, -70
13, 1
3, -80
89, 85
23, -90
66, -46
-46, -76
-14, -84
88, 32
-41, 81
63, 39
90, 8
-5, 66
75, 27
-23, 41
-66, 83
100, 51
90, -61
-73, 17
-1, 63
-62, 97
11, 0
18, 49
73, -72
-16, -85
36, 24
-72, 48
-2, 83
-26, -9
-7, -17
4, -54
-42, 12
58, -37
7, -100
-94, -33
80, -15
-58, 34
35, 6
-87, 17
-13, -87
-16, -76
99, -64
-14, -28
56, 57
-19, 81
-3, 5
88, 53
-47, -8
23, 5
-17, -62
99, 59
66, -99
15, 90
-76, 90
19, -61
-34, 57
-27, 89
-9, 52
72, -74
78, -81
-32, 16
-25, -63
76, 94
-18, 68
46, 87
97, -39
-7, -99
52, 98
95, -92
-28, 94
2, -85
87, -45
10, 76
-57, -83
37, -78
-19, 51
58, -84
-51, -21
-91, 49
-53, 27
-81, 32
82, -16
66, 72
20, -54
-4, -64
90, -97
-8, -45
59, -12
-82, 1
29, -82
36, 63
60, 88
-79, 12
-76, 75
65, 33
-54, 65
99, -28
23, 87
-54, -14
85, 89
-71, 44
-44, -49
42, 54
-35, 33
-76, 40
44, -38
-26, -70
91, -13
-58, -55
-84, -58
-35, 90
-89, -56
0, 92
-23, -52
-1, 45
-56, 3
-18, -36
-94, 13
75, 93
80, 57
-96, -67
-83, 77
-99, 18
47, 83
11, -3
83, -65
40, 8
48, 79
40, -94
95, -50
2, 46
41, 34
-49, -24
-59, 80
-38, -10
-27, 12
95, -5
41, -50
-72, 21
-32, 84
-3, -37
49, 84
30, 19
71, -45
51, 30
-87, 28
27, -53
-3, -96
14, -72
-5, -57
97, -19
65, -98
-59, 78
3, -89
-90, -67
-46, 100
100, 7
42, -21
-27, -55
64, -25
63, -59
75, 82
-14, -12
-97, -1
71, -34
87, -33
14, 34
-59, -45
-40, -23
-24, 76
11, 38
0, -65
100, -67
58, 23
11, -16
23, 12
-43, 10
56, 30
-48, 62
44, 64
-90, 48
56, 53
99, -28
15, 98
-68, 24
40, 73
-80, 62
33, 62
28, 41
54, -46
-29, 3
-35, -37
-99, 62
-61, 52
67, 92
-4, -99
91, -41
-32, 65
33, 44
22, 97
-3, 27
85, -92
89, -91
-30, -5
93, 92
44, -57
-50, 79
34, 39
25, 34
-58, -70
-91, -6
21, -28
75, -65
-38, 88
33, -51
-72, -2
-91, -34
-31, 62
-6, -51
-9, 33
-37, 75
-34, -2
99, -47
55, -17
-89, 55
-52, -51
5, -73
-68, -31
-69, 98
-19, 64
32, -95
-94, -91
-38, 25
40, 0
-6, 75
-69, 53
-27, -69
-24, 11
-35, -82
65, -44
55, 89
-38, 11
48, 20
-38, 96
77, -8
-93, -30
6, 8
-42, -81
87, 81
58, 11
56, 23
45, 50
47, 89
-2, 21
96, -73
-54, -28
48, 12
73, -57
-41, 17
-53, 49
-68, -5
-68, -1
98, 93
15, 89
-90, 94
-97, 27
46, -97
96, -34
4, -19
-83, 36
38, 8
30, 25
58, 75
45, 56
27, 54
52, 60
50, 84
-6, 76
61, 82
-67, -12
36, -39
-52, -95
-9, -12
31, -98
-78, -70
-97, 43
34, -38
58, -40
-48, -14
35, 7
-58, 32
70, -2
19, 51
1, -94
93, 100
-95, -39
28, -20
-53, 99
13, 5
-53, -70
97, 49
-82, 74
-94, 52
48, -75
-46, 54
33, 52
46, 100
41, -9
79, 89
49, -97
28, 26
78, 80
21, -24
50, 84
-58, -83
-16, -39
-69, 68
-21, -41
-45, -81
-46, 95
-18, 36
85, 47
-1, -93
-13, -28
52, 40
-12, 90
86, 28
16, 91
-7, 10
13, -40
80, 66
-65, 74
-97, 32
26, -17
-26, 99
93, -36
32, -94
97, -19
20, 76
-22, -8
99, -21
53, -31
-56, 70
40, 33
6, 39
32, -16
41, -62
-71, 49
-35, 3
-52, 11
40, -68
-67, -63
68, 26
71, 64
43, -64
38, 73
30, -97
-71, -91
60, 74
-15, -48
-57, 43
-96, 39
-89, 70
-5, 9
83, 30
-72, -72
-67, 38
64, 71
94, 23
89, 42
28, -88
21, 50
10, 5
-35, -77
13, 89
70, 4
77, -36
-90, 40
-56, 54
99, 23
-34, -23
-95, 92
52, -2
81, -81
-50, 70
98, 72
25, 95
-57, 14
-61, -42
93, 84
-11, -26
-33, 99
85, 100
24, 75
100, -42
-84, 14
-22, 91
54, 65
62, 63
64, -42
98, 15
86, -9
-71, 51
-83, 22
-73, -60
-35, -64
83, -77
-48, -6
-92, -51
-36, -21
-11, -32
-84, 34
-43, -47
100, -46
-79, -8
92, 83
-82, -56
28, -83
41, 32
-8, 43
9, 80
-91, 37
76, 89
-98, -73
-69, -99
-57, -69
-68, 3
-16, -85
-82, -25
39, -76
-65, -95
58, 39
-66, -44
54, 56
62, 54
92, 1
-86, -100
-50, 53
34, -79
93, 85
55, 13
-45, -61
48, -75
-5, -91
57, 23
19, -99
92, 53
-76, -84
73, 44
-3, -2
81, 41
64, 54
-12, -95
41, -14
50, 62
8, -59
-26, -30
7, 57
-49, -60
59, 1
97, -14
7, 100
-99, -2
37, -44
-6, 85
-80, -33
85, 22
92, -66
34, 49
12, -94
67, 75
9, -43
25, 97
10, 35
68, 32
64, -29
78, 49
-73, 73
-54, -30
-17, 18
50, 41
60, 80
77, -51
49, 34
57, -29
-56, -32
30, -17
58, -94
66, 81
-93, -44
90, 70
14, 51
-27, -79
5, 27
70, 39
77, 62
-95, -57
25, 96
-36, 58
25, 100
46, 47
-58, -91
77, -54
75, 97
-14, -60
-75, 28
76, 68
42, 64
76, -57
-73, 100
-55, -1
-11, -77
75, -82
34, -85
-56, 50
-34, -51
-91, 24
-51, 73
-4, -28
10, 69
-56, 44
-49, 68
-76, 18
69, -39
84, -15
-61, 24
63, -12
-78, 24
30, -77
-52, 97
-41, -71
-95, -86
86, -94
-85, 83
50, 9
40, 51
73, 19
-37, -22
93, -20
-70, 27
51, 6
18, 92
59, -27
-58, -77
81, 4
96, -25
-19, 17
4, 85
44, -66
100, 47
98, 12
66, 10
88, -83
-42, 11
25, 49
44, 38
46, -29
-87, 82
-46, -16
-29, -20
23, -16
86, -28
7, -23
2, -24
-74, 57
25, -28
48, -60
17, -5
86, -64
-18, -17
-83, 92
36, 13
39, -78
72, 65
-96, -25
44, 23
12, 74
-12, -56
-68, -51
-48, 27
-9, -7
0, -99
-95, 4
29, -96
80, 22
-19, 61
18, 46
50, -58
4, -61
4, -42
-46, -98
74, 41
49, -76
-84, -91
97, 14
-75, -56
56, -54
-80, 95
-47, -85
56, -68
-67, 26
89, -60
92, 94
-49, -42
-24, -91
44, 30
79, 41
-96, 56
52, -45
23, 98
47, -22
-85, 56
-79, -70
11, 26
-6, -48
71, 56
-61, -60
-14, 96
-86, -57
-79, 23
81, -91
-59, -15
82, 32
96, 71
16, 12
36, -79
-89, 17
-70, -35
6, -18
-99, 21
100, -86
-30, -98
-59, 38
25, -98
-89, 45
75, -80
-3, 60
-18, -100
63, 60
-23, 44
52, 80
99, -4
93, -85
27, 73
38, -84
98, 70
27, 52
-3, 17
-18, 57
51, 62
-4, 77
-67, -13
-40, 3
76, 53
71, 95
-69, 47
49, -87
-54, 27
88, -80
30, -74
32, -76
12, -95
-21, -12
-73, -82
-66, -83
63, -77
83, -30
-75, -78
84, -43
59, -48
-79, 58
15, 96
-72, -65
48, 68
67, 0
-5, -76
68, -8
-93, 77
-74, 11
-29, 12
75, -15
-17, 99
-56, -39
55, -19
-31, -51
-90, 47
58, 82
-65, 6
-57, -46
92, 33
-15, 7
65, 67
98, 54
98, -21
62, 95
1, -92
-93, -18
-55, 73
83, -82
55, -82
45, 92
18, -72
34, 94
7, -90
-84, -8
-91, -91
9, -89
-85, -47
80, -48
-56, -30
-94, 39
-18, -1
-11, 74
48, -91
-28, -41
7, 23
-96, -26
-56, -33
-39, -16
-71, 96
-26, -25
-89, -89
-96, -93
-38, -53
-76, 66
-83, -71
26, -46
-12, -20
-68, -86
100, -77
-64, 86
-77, 51
-21, -75
62, 1
61, 7
-25, 49
-87, 37
95, 37
-6, 92
-86, -95
88, -61
-67, 86
36, 78
94, -9
25, 28
-28, 66
-69, 32
34, 41
28, 73
-26, -56
-76, -86
89, -34
-17, -13
-92, -88
-21, -72
-55, 36
68, -59
100, -50
-89, -52
-64, -70
81, -70
-52, 36
-62, -55
-81, -2
68, -64
-12, 29
-15, -76
-50, 25
80, 71
13, 99
86, -16
22, 49
28, -63
46, -50
86, -47
62, -48
-80, -65
2, -4
-90, 15
51, 99
84, -61
13, -28
-81, -61
-17, -38
62, 18
-26, 80
68, -38
99, 70
-36, -16
89, -6
33, -82
-75, -95
91, -70
-17, 69
91, -93
39, 50
-15, -66
-24, -57
90, -49
80, -22
56, -60
12, -27
24, -26
16, 16
-99, -40
30, 89
90, -97
-68, 45
32, -9
30, -26
-31, -36
-12, 45
-81, 100
-19, 64
6, -28
-6, -51
-11, 100
-96, 70
-75, 2
-72, 25
26, -74
15, 23
-8, 9
-74, 60
-99, 79
-89, -42
-52, 41
46, 13
-26, 98
77, -43
35, -58
11, 52
81, 70
44, 87
49, 51
-41, -88
-89, 20
-23, -44
-55, -63
45, -51
39, -49
67, -65
100, -26
-63, -26
-31, 34
-40, -45
-3, -30
1, 98
73, -33
94, 3
13, -39
55, 42
-47, -80
-84, -8
72, 95
-32, -37
-49, 35
41, 19
-3, 62
-76, 3
48, -68
45, 97
94, -41
-49, -89
-13, -76
-61, -100
-75, 34
-1, 83
28, -2
28, 68
74, -5
-51, 54
92, -67
-35, 16
-8, -99
36, 30
-13, -12
25, 50
-14, -19
9, -43
96, 74
81, 38
-24, -56
35, -86
88, -88
-30, -31
91, -29
53, -42
67, 64
-76, 10
54, 8
18, -41
-88, 4
17, -66
-99, -57
2, 84
-64, 11
71, 78
-6, -76
-82, 19
-77, 2
48, 60
11, -26
4, 68
-76, 62
49, 78
-8, 64
-25, 99
-93, 68
2, -93
42, 17
29, 32
-55, 82
-14, -38
-25, -24
-39, 0
12, -44
26, 8
-47, 37
21, 95
70, -55
-62, -5
19, 24
9, -98
93, 97
-27, -41
11, 48
57, -39
91, -48
0, 73
25, -84
-61, 73
-25, 65
88, 65
66, -76
5, -33
86, 55
55, -25
90, 63
45, -14
-74, 28
61, -64
3, 23
70, 49
1, 89
17, -68
-63, 44
84, 8
-25, 96
11, 96
-60, 8
-83, -28
-69, 47
-100, 79
97, -38
-85, 6
47, 62
75, 97
100, 87
-88, -14
38, 25
-58, 12
75, 66
-58, -26
-81, -33
93, 78
-18, -13
-62, -2
12, 48
-6, -9
17, -58
-73, -92
-30, -7
88, -33
-23, 58
76, -41
96, -30
28, 56
-25, -43
-38, -94
24, 86
63, 72
-63, 73
36, -57
54, -55
77, -56
68, 97
-97, 29
91, -50
-63, 78
8, -91
-18, -66
-62, 61
-2, -22
-68, -79
-15, 30
-1, 16
62, -51
-54, -83
67, -74
-53, 92
-58, 69
-80, -56
-57, 96
85, -51
89, 8
-19, -21
-59, 20
-82, -97
59, 3
48, -78
-43, 70
77, 62
31, -25
77, -72
-57, -77
-57, 62
-29, -81
54, 79
50, 7
87, -28
-71, -9
-73, 11
-4, -42
86, -68
-12, 69
89, -100
-42, 90
97, -52
-99, 58
47, -89
-17, 45
42, 34
-50, 22
-91, -88
-63, -24
-43, -50
-23, -44
-60, 100
28, 1
-70, -51
-6, 0
74, -50
-95, 55
28, -10
30, 80
25, 15
16, -67
13, 75
8, -15
100, -3
90, -35
-63, 93
61, 95
-43, 65
-96, -17
-42, -25
-76, -83
-88, 32
-51, -87
54, 94
-55, 63
-88, 87
-39, 9
45, 70
-44, 85
-6, -90
84, -94
-74, 6
69, 27
70, -99
65, -76
42, 20
12, -64
-28, -12
64, 97
74, -8
63, 52
13, 39
-39, 26
40, -32
-82, 71
88, -87
75, 2
44, 96
52, -99
-49, 69
59, 69
24, -83
26, -10
82, 98
-55, -50
-89, -30
41, -54
-81, -65
14, -59
-9, 52
7, -75
-81, 31
-18, 56
85, 18
-68, 61
20, 91
-72, -92
34, 18
97, -51
-75, 65
96, -65
-50, 63
44, 20
-18, 56
-6, -55
54, 54
-11, -60
-45, -81
25, -64
2, -12
15, -26
3, -59
0, 30
-55, -28
-83, -56
-47, -83
51, -99
-66, 4
41, -86
-52, -43
53, 19
35, -59
-97, 47
-33, 6
-41, -96
51, -73
-78, 70
0, -51
69, -13
87, -22
-62, -30
-44, -4
-39, -32
-83, -38
-57, -21
48, -28
38, -35
-93, -86
-71, 25
87, -70
-1, -90
91, -41
45, 78
26, -33
-41, -92
-27, -66
82, -61
-82, -21
0, -89
-87, -81
-43, -79
-26, 58
82, -8
-33, -98
-27, 32
-79, 98
-26, -66
-14, 63
35, 5
66, 63
19, -35
-32, 6
-20, -82
49, 63
-86, 87
-89, -3
-39, -72
9, 83
19, 81
-26, -84
-90, -62
73, 68
84, 76
-26, -16
44, -35
-12, -5
38, 34
23, -52
73, -64
-76, 52
-6, 19
44, -82
-78, 22
30, 75
-7, -44
83, 35
78, 75
-99, -22
0, -79
25, -100
-66, 26
81, -59
-57, 19
55, 12
73, -70
-30, -28
-73, 100
-26, -55
-17, -65
40, -58
-61, 98
-53, -50
29, 71
-33, -11
11, 63
-31, 26
58, 42
52, 95
-74, -76
90, 51
-91, 10
-9, 70
-73, -14
-92, -39
-58, -1
75, 51
81, -15
50, -44
32, 96
-100, 15
58, 30
54, 19
93, -66
-79, 43
-31, -37
0, 3
-7, -51
-43, -56
-84, 37
28, 64
92, 12
-32, 85
-14, -80
6, -55
8, -16
-52, -37
-94, -85
78, 46
-20, 41
40, 60
45, 44
-49, -6
77, -66
15, 36
-38, 25
46, -8
94, 69
-54, -84
-99, -51
-85, -6
80, 24
78, -75
-98, -100
19, 46
-59, 100
-53, -20
-72, -51
-11, 93
54, 61
-95, 62
42, 64
36, -20
-16, 7
40, -39
6, -62
-66, 22
-21, 48
-94, 42
3, 57
12, -23
-18, 64
86, 83
21, -69
-94, -50
56, -73
-40, -9
29, -98
27, 91
-5, -53
-79, -92
-77, -6
-65, 37
99, 40
-2, 90
-86, 66
65, -69
-10, 17
80, 49
-26, 38
-71, 74
2, -86
-90, -59
-61, 28
-42, -13
-32, -54
82, 68
42, 65
-8, 57
-82, 17
31, -51
20, 15
46, -22
12, -60
23, 61
-79, -50
53, 94
4, -64
52, -76
-77, 34
8, -87
3, -90
76, 19
88, 39
-72, -89
-95, 76
-19, 19
-55, 55
41, -33
-36, -23
74, -72
92, -73
-6, -40
-21, -72
-16, -26
91, -32
46, 89
44, 25
-93, 4
93, -30
-73, -26
-91, -56
-16, -37
-95, -99
-40, 67
26, -68
50, -11
74, 13
88, -70
-15, 1
-80, 12
-45, -69
72, -70
-25, -84
26, 30
-95, -6
-71, -98
49, 100
66, 35
14, -54
0, 82
1, -94
-47, 88
-24, 59
96, -85
-70, 71
69, -34
-77, 9
98, 18
-42, 90
-12, 24
-48, -93
-46, 79
14, 73
-19, 51
-19, 62
39, 20
-62, -52
-99, 5
34, 14
-97, -55
-10, -21
-97, 78
72, 85
56, 11
-29, 89
67, -79
57, -43
99, 5
89, -68
0, -12
90, -66
52, -78
70, 99
6, 15
-76, 88
-39, 21
-18, 71
46, 20
-86, -3
49, -100
18, 70
64, 92
-38, 24
-33, -71
32, -6
-34, 36
-54, -38
10, 7
-62, 31
81, 93
-22, 95
44, -41
92, -7
17, -66
-79, 56
72, 92
52, -85
-35, -4
-25, 6
64, 87
-52, 99
7, 71
6, -62
-12, 78
-76, 38
74, 79
-6, 10
-35, -16
19, 81
89, -58
-18, -83
-31, 70
-70, 27
-21, 76
-7, 69
6, -56
69, -24
14, 61
68, -59
18, -48
-34, 85
-65, -77
-91, -65
-49, -32
71, 97
-79, -3
-62, 96
65, -7
0, -45
-10, 97
-49, -84
32, -77
-24, -41
-60, -18
92, -44
-25, -41
94, 62
81, 28
37, -29
-10, 41
34, 87
-24, 2
43, -95
37, -85
-71, 45
86, 97
84, -59
30, 61
-10, -41
-31, 26
31, 17
72, -14
39, 48
61, 100
97, 34
-16, 94
67, -74
-44, 87
65, -70
-24, -45
-53, 84
-50, 64
85, -3
-37, 71
-16, -23
-14, 58
74, 74
51, 51
79, -99
76, 6
-71, 33
-81, -62
-59, -5
-56, 62
72, -39
59, 30
96, -67
-14, -89
-7, 61
-99, -25
2, 26
-18, 78
-98, 85
-13, -18
32, -11
86, -54
-78, -94
40, 37
-35, 75
47, -36
-19, 91
99, 19
10, 77
20, 83
56, -94
-2, 93
-38, -12
-84, -83
-67, 63
-3, 83
-34, -10
21, -55
-73, -52
-87, -74
1, 39
25, -70
-25, -67
12, -49
-28, 60
-73, -71
-7, -99
93, -28
55, 52
-14, 75
85, -73
-56, 59
68, -25
64, -43
95, -40
-66, 90
53, 25
26, 96
0, -45
60, 9
94, -6
-99, 41
21, -2
47, -20
89, 31
1, 16
70, 41
69, 61
43, -20
-98, -32
-67, 88
2, -41
-59, -60
0, -7
-14, 17
90, -29
11, -25
17, 31
5, 38
-94, 94
89, 72
57, 54
25, 78
-79, -62
80, 98
-17, -1
11, 71
-14, -19
-26, -77
10, 45
-4, 18
-80, 83
-98, 12
-73, 64
-88, -30
34, 15
-47, 80
32, -99
99, 97
-12, 48
-96, -80
34, 87
-30, -27
-39, -59
43, 47
-98, 68
-82, 20
0, 81
89, -45
18, 24
50, 27
-18, 70
49, -56
10, -12
-69, -63
-44, 49
-77, 90
85, -16
12, -89
-54, -22
-12, -35
8, -81
14, 6
-98, 79
-21, 74
52, 80
11, 3
26, -89
-38, 22
57, -60
69, 72
53, -89
35, -1
-36, -88
-83, -81
-77, 75
64, -62
-37, -85
-87, 58
-20, 1
43, -87
-34, 39
-91, -68
64, -93
79, -62
-97, -74
32, 33
-50, 1
-17, 82
23, -10
-54, 59
29, 27
-74, 63
64, 87
-74, -83
-25, -13
40, 83
-91, 90
-69, -23
-25, -76
-17, 46
-64, -52
-75, -8
86, 58
-10, 82
86, -96
28, 8
19, 87
29, -26
55, 56
-50, -95
-24, 69
-28, 81
14, -93
94, -90
-28, 21
30, 2
-58, 39
-55, -70
-83, 44
73, 39
69, 83
-66, -65
-8, 76
-66, 50
-19, 3
-18, 66
60, 50
77, 2
-87, 78
85, -42
-34, 77
48, -10
-1, -61
39, -56
-11, -79
-22, -59
37, -67
90, 17
-15, -23
-25, -53
-50, -10
-37, 33
84, -5
96, -4
36, 78
46, -61
-5, 68
24, -60
-24, 64
-27, -3
14, 64
18, -77
76, 78
29, 9
76, 39
50, 87
-7, -21
94, 76
36, -48
-98, -36
-48, -91
-98, -75
89, -6
-38, 76
8, -45
71, 96
-63, -27
66, -76
95, 39
-71, -64
54, 67
-73, 10
91, 93
-81, -24
-28, 81
-11, -13
78, 89
80, 49
-71, -91
78, -22
90, 68
-15, 89
30, 87
48, -17
28, -74
98, 96
-33, -21
67, 90
-94, -40
-27, -66
26, -50
88, -32
80, -76
100, -90
8, -17
-37, -100
-10, 61
-19, -6
-4, 81
30, 26
-28, -80
-46, 2
-46, 90
65, -77
-90, -83
-52, 40
-25, 69
88, -95
72, 73
-10, 79
-58, 1
-2, -52
72, -45
5, 3
-27, -38
64, 28
96, -49
-15, -63
48, 25
-61, 75
-32, -79
99, -52
42, 94
-59, -97
-6, -92
-67, 69
-5, 90
-66, -52
66, 85
75, 66
51, 61
81, 28
-64, -45
-90, 34
68, 7
-37, 19
58, -13
-56, 49
-73, -100
-73, 61
67, 64
-13, 28
72, 79
56, 67
-64, 19
-1, 89
-70, 98
-67, -87
-90, -91
88, 77
27, 4
22, 33
16, 51
-95, -87
47, -87
-86, 42
-80, 71
43, 92
-68, 48
68, -88
93, 5
-58, -21
75, 50
30, 50
-69, 36
-42, -81
83, 19
-49, 50
-88, 89
-3, 18
76, 92
41, -77
63, 57
54, -55
-69, 61
-66, -43
71, -32
-99, 84
-87, -70
35, -85
17, 57
41, 78
-78, 51
39, 64
-72, -61
3, -19
-96, 37
-19, -77
-46, 75
12, 36
9, -55
-42, -89
74, -82
-67, -45
22, 17
-28, -98
-81, -57
-100, -39
-39, -76
-18, -53
-100, -36
92, 15
-45, -48
81, -15
-67, 41
3, 52
-59, -11
-57, 86
48, 1
0, -57
100, -11
-73, -66
-26, -100
85, 16
-66, -73
-74, 57
-86, -23
40, -14
-71, 66
84, -99
-96, -51
78, 27
-12, -94
-34, 7
-70, -28
39, -27
56, 58
76, 25
65, -6
-88, 98
-80, 58
-73, -46
58, -67
-30, -76
11, 96
32, -54
67, 42
63, 57
-7, -79
-77, 8
33, -82
82, -55
-59, 96
21, 1
-51, 17
-4, 97
76, -81
80, 71
-27, 65
52, 90
-27, -16
-38, -71
94, -91
-94, 71
-33, 77
94, 75
19, -30
79, 96
-25, 1
-16, -68
61, 33
67, -64
-28, 50
-23, -52
88, 26
-41, 23
-71, 59
71, -14
-63, 48
-4, 19
51, 5
14, -82
29, 53
-78, -29
-37, -95
-31, 29
44, -37
94, -91
12, -92
-41, -65
91, -48
-32, 83
-62, -28
100, 23
-41, -34
11, 82
62, -73
71, -11
16, -93
-13, -94
29, -62
28, 39
0, -93
98, 33
44, 61
-50, -20
30, -1
36, -15
-56, 66
-87, 44
89, -4
48, 32
60, -70
-63, -54
93, -18
-87, 92
89, 53
-57, -4
-38, 83
54, -19
15, 0
-83, 71
63, -85
16, -38
-73, -21
57, -80
-71, -60
70, 53
70, 69
-26, -9
-58, 41
86, -69
10, -92
-86, 71
-30, 40
18, 64
-55, 24
9, -49
96, -10
-69, -56
64, 34
36, 56
12, -92
11, 17
37, -17
-2, 87
27, 36
-45, 22
-68, -93
18, -83
-34, 2
-45, -95
-58, -72
-81, -14
46, 72
-22, 94
-11, 76
-87, 51
6, 1
-59, 25
-3, -70
-24, 30
65, 20
-7, -27
-30, -66
-11, -16
14, -9
-48, -13
12, 66
41, 16
-45, 87
-26, 3
75, 57
84, -25
-30, 47
40, -88
-99, -53
-17, -16
-94, -27
-55, 56
11, -20
-28, 57
56, -43
-78, 62
72, -79
-8, -65
0, 52
-46, -81
-46, -38
-42, 6
-61, -89
18, 6
78, -72
-61, -87
65, -12
-91, -1
100, -11
57, 9
-15, -61
48, 37
36, 18
-61, -38
-36, -48
60, -26
87, 5
-22, 84
-48, -76
-40, -80
80, 32
93, 54
-1, -79
-19, -88
-68, 26
-88, -77
-69, -65
57, 38
66, -13
45, 47
3, -69
87, -21
29, 9
-3, 33
37, 7
-46, -26
-88, -37
37, -100
43, 51
-50, -16
-28, 2
-70, 13
7, -56
-34, 19
-62, 27
19, 53
-23, 31
91, -78
91, 18
90, -53
52, -21
-9, 52
-33, -47
-77, -11
83, -6
94, 62
61, -63
62, 55
70, 5
68, -42
-4, 51
-78, 5
87, 18
-90, 28
-75, 72
-90, -36
-19, 92
-32, -96
-28, -83
-87, 3
45, 73
-40, -67
-94, -16
-3, 93
-5, 35
-14, -51
-87, -67
47, -19
-20, -57
63, -55
99, -100
90, -9
80, -40
31, 20
74, 70
64, 90
82, -74
-67, 31
87, 78
-34, 33
-14, -47
-29, -23
-79, -26
-21, -98
31, -46
-27, 23
63, -29
29, 12
51, -11
93, -14
-40, 52
-90, 99
-34, 14
64, 95
44, -5
87, -88
-1, 35
-54, 98
58, -87
31, 65
9, 47
-22, 24
-43, 63
-92, 6
27, -22
-20, 93
56, -100
-41, 20
88, 10
59, 44
18, -8
-10, -98
55, -44
86, 13
-53, -46
14, -26
45, 30
79, 100
-99, 46
66, -56
49, -65
31, 20
65, 10
-47, -16
-76, -33
-4, -17
-53, 3
-34, -49
-55, -94
-47, 0
32, -1
-61, -93
96, 22
34, 40
43, 13
80, -8
-67, -73
-64, 6
44, 79
86, 87
37, -95
-97, -49
52, 34
46, 39
-65, 10
-37, -27
24, -15
33, -63
52, -14
23, -61
56, 5
-36, -43
-32, 26
-32, 62
-53, -40
39, 11
-98, 27
52, 60
5, 60
91, -38
94, -61
35, 78
99, 7
78, 61
55, -3
83, -48
56, 17
32, -100
-80, 35
3, 12
73, -24
-72, 2
-36, -22
50, 25
-66, -77
53, -17
51, 29
71, -85
3, -98
37, -33
-98, 74
-2, 52
-7, -12
-21, -66
78, 48
9, 69
-93, 5
14, -75
-56, -30
-15, -23
-26, -61
-64, -46
16, 72
-6, 10
-44, 86
-61, -99
-20, 8
-89, -32
59, -77
87, 54
-2, 79
-10, -3
-11, -95
-14, -85
-74, -97
87, 10
95, 19
-41, -34
-68, 80
36, -75
33, -32
-95, 53
-99, 95
-79, -17
-7, 83
75, -36
12, -5
-45, -95
-53, 10
29, -9
66, 68
55, -92
15, 98
-59, 82
17, 18
-24, 11
91, 64
100, 19
-55, -50
0, 14
-15, -86
-54, -65
4, 11
-29, -69
33, -83
4, -48
63, -50
85, -12
28, 20
22, -23
-43, -3
86, -17
25, -73
31, 74
-29, 57
-10, 22
-10, -75
90, -51
-56, -11
-71, 63
52, 82
69, 99
-46, 48
-92, -38
-33, -29
70, 94
-25, 91
-88, 17
-85, -100
-56, -35
98, -72
85, 68
-20, 7
27, -76
83, 74
14, 59
37, -27
1, -14
66, -11
-7, 100
42, 18
-45, -38
-24, -41
69, 59
-21, 70
-7, 5
-29, -26
46, -55
22, -95
-58, -83
42, -70
10, 68
-65, -21
60, -1
20, 71
20, -96
55, 5
-86, 52
-14, -60
-2, 54
9, 86
-20, -72
-92, 15
19, 10
-41, -2
-70, -63
-90, -25
-76, 91
-99, -73
-53, -81
69, -42
-43, 36
-54, 2
-74, 51
-89, -67
-24, -1
-67, -71
-7, -20
-39, -58
-16, 43
-6, -8
-29, -1
60, -41
-72, 96
-77, 72
16, 56
-79, -30
-61, 31
-77, -73
65, -4
-69, -3
26, 41
-33, 9
54, 5
54, 52
-75, 78
0, -19
31, -38
-25, 80
-95, 0
-87, -64
-46, 89
59, 6
83, -93
26, -8
-96, -90
95, 73
59, -56
-58, 69
92, -49
-58, -2
-58, -55
-35, 12
23, -71
81, 0
-58, 96
-57, 5
-7, -76
-77, 74
-16, 85
-48, 50
89, -86
2, -8
86, 74
1, -22
3, -31
27, -46
-72, -13
58, 94
67, 49
-100, 32
56, -62
88, -19
-15, 79
-23, -77
28, 40
-43, -83
98, 100
2, -59
-32, 8
-45, -23
-38, 84
39, 19
-77, 52
-2, 66
85, -84
66, 72
-39, 35
-63, -10
-48, -56
-21, -73
-67, -12
-87, -15
58, -72
-91, 43
94, 37
5, 71
96, -100
99, -6
-60, -87
-35, -43
-80, 28
48, 54
28, -53
57, -71
-97, -1
-3, -96
-53, -8
35, -99
-20, 77
-100, 34
-13, 98
-19, 39
63, -81
-65, 8
-50, 4
-100, -18
70, 20
87, 36
-74, -85
-98, 71
49, -60
-15, -20
-4, -85
13, -97
-33, 5
37, 13
67, 30
-69, -36
45, -37
75, -79
-64, 82
10, -6
-70, 59
-24, -13
75, -40
73, 97
-57, -34
-68, 77
-31, -87
-2, 53
-83, 93
32, 85
-79, -89
-40, 2
-53, -67
53, -13
-58, -22
96, -56
45, 45
53, 49
-75, 27
-86, 84
41, 59
-37, 32
15, 19
-20, 13
-49, 97
-21, -77
-82, -94
86, 52
-33, -42
100, 20
100, -59
-48, -75
82, 61
20, -93
-34, 39
21, 19
22, -4
43, -1
24, 15
49, -41
-33, 47
30, 0
63, 1
37, -74
-98, 72
0, -91
41, 67
99, 91
-11, -63
-30, 81
-98, -28
-85, -65
-20, 15
-82, 63
12, 35
-93, -30
76, 79
-17, 28
-58, -17
61, -52
-93, -2
-25, 79
-11, -14
-98, 22
37, -59
39, 25
16, -100
-90, -14
85, 36
-62, 11
-39, 96
52, 68
-93, 81
9, 75
-26, -68
-17, 71
93, 44
62, -26
35, 51
-66, -75
46, -92
39, 46
-42, -15
-37, 10
-89, 51
84, -23
-42, -42
17, 74
75, 55
24, -34
25, -17
57, -98
43, 66
96, 11
-21, -5
-74, 8
-59, 18
-18, -54
-20, 37
53, 8
-76, 16
-41, -62
58, 11
48, -17
97, -8
-35, -45
-86, -72
56, -54
30, -85
-80, -51
-32, -54
90, 37
-96, -55
12, 38
-36, -33
-21, -3
-21, 62
-57, -58
19, -86
-37, 24
79, 56
1, -16
-15, 11
-5, 31
5, -76
86, -12
18, 30
61, -20
88, 39
-15, 15
-82, 98
54, 5
97, 18
57, -14
-80, 74
-9, -60
-25, 7
-57, -48
-35, 24
13, -15
69, -54
77, 51
93, -43
-91, 3
-73, 74
-30, -57
-92, -37
62, 12
-77, 22
90, 43
-54, -24
57, -60
-4, 100
21, -74
-12, 80
42, 68
-61, 48
34, -88
31, 25
-92, -9
-51, -1
75, -39
-36, 83
20, -93
75, -18
69, -66
22, -24
73, -22
39, -11
35, -52
-81, -93
14, -43
26, -4
-51, 31
-86, -84
-23, -70
91, 100
81, 95
-50, 91
88, -27
-99, -32
44, -100
37, 59
33, -31
-97, 9
8, -85
79, -20
1, -85
43, 64
21, 45
-24, -92
-91, -86
96, 77
-84, -43
-85, 6
28, -87
-42, 41
34, -36
-30, -85
37, 24
-23, 59
79, -16
1, -32
34, 41
-83, -10
-71, -92
9, -35
11, -25
-49, -78
63, -52
-89, 98
-28, 3
27, -69
-71, 2
26, -67
-52, -22
38, 20
16, -78
25, -24
-21, 36
-14, -47
20, 75
63, 76
-1, 43
-40, -71
53, 64
-52, 70
39, -20
63, 32
-11, 48
56, 51
19, -83
28, -27
-92, -99
-38, 1
28, -36
-6, -56
23, -17
19, -54
-13, 98
-9, -36
92, -27
58, 66
-81, 67
-29, 36
-96, -28
-15, -80
-96, 70
34, 36
-67, -70
-26, -17
-1, 18
36, 63
-72, 98
99, -83
-56, 62
-58, 12
72, -20
-67, 100
-46, 17
-99, -23
94, -85
-27, 6
-43, -48
-67, -15
86, 25
79, -33
37, 100
84, 24
47, 42
18, 19
69, 17
32, -76
86, -21
-8, 79
-97, -70
60, 4
-72, 47
-26, -4
-25, 18
-77, 34
-82, 58
10, -28
18, -100
-59, 29
-85, 47
6, -68
-52, -19
-68, 9
-78, 65
44, -55
16, 79
-93, 29
-5, 71
65, 26
70, -47
-27, -26
55, -54
-8, 91
-19, 36
-95, -91
-9, -4
39, -28
62, -96
2, -25
21, 6
70, -14
18, -27
-61, -9
-3, 35
-86, 54
-96, -51
-40, 26
-55, 27
97, -59
-56, -88
69, 97
61, 42
-39, -78
70, 93
50, -81
6, 46
-21, -11
1, -6
-6, 15
-23, 51
21, -24
-6, 38
34, 12
47, 81
-51, -60
68, -13
-99, -28
-77, -72
79, -40
-17, 14
91, 16
31, 33
21, -88
96, 36
83, -7
64, -93
64, -99
68, 58
-75, -23
-16, -18
-24, 76
-45, 61
76, -97
67, -77
95, -11
-31, 6
-96, 17
96, 97
-68, 87
35, -68
90, 70
-97, -80
7, -82
84, -76
5, 95
-57, 3
-90, -62
-5, -64
55, -98
96, -32
-61, -73
-43, 76
-8, 60
98, -94
37, -89
-14, -49
18, 5
77, 29
12, -55
36, 54
-21, -94
14, -7
-37, 6
-69, -51
29, -69
45, 9
29, 1
-94, -35
-88, -51
-34, -22
87, 23
-46, -77
73, 93
22, -10
25, 32
42, 64
66, 10
55, -15
69, -24
63, 90
-32, -18
27, -95
84, 52
-28, -87
-3, -47
-23, -45
-90, 67
-32, 63
12, 89
98, 28
-5, 83
-42, 57
78, -95
95, -76
38, 44
-52, -14
6, -89
-99, 90
-33, 61
-38, -98
-97, -4
36, 68
20, 80
79, 21
21, 1
-62, 8
-88, 23
-64, 33
-41, -76
-20, -11
96, 37
-53, -70
-37, 10
24, 68
-46, -92
20, 30
-77, 76
90, -1
61, -48
-16, -64
63, -72
56, -71
6, -11
-66, -81
75, -62
-83, -87
42, 0
-51, 42
-53, -37
82, -20
-80, 0
-4, 57
38, 17
-76, 20
6, 25
83, 25
-89, -1
-78, -31
91, -39
-2, 55
-38, 71
-20, 88
43, -62
9, 29
69, 59
79, 83
39, 95
-21, -21
45, -60
66, -4
-76, -8
-100, 43
-47, 3
-59, -25
26, -1
-23, -75
-81, 8
-66, 38
-2, -12
29, -44
56, -90
10, -45
20, -82
-93, 87
-43, -33
-97, -25
76, -96
-49, -53
-94, 55
71, -47
-11, 60
-64, 83
54, -54
-56, 25
24, 9
98, -60
96, -70
57, 80
-50, 6
57, -57
87, -11
66, 64
-47, -89
-46, -73
-51, 4
-90, -99
-78, -92
10, 22
24, -6
-32, -90
26, 15
-16, 52
-10, 75
29, -46
-52, -59
-42, 89
6, 24
-44, -22
-80, 95
-32, -36
-68, 26
56, -6
-14, 15
24, -11
33, 65
99, -52
68, 72
-25, -61
-16, -35
52, -66
-97, -96
81, -71
-21, -99
12, -77
-94, 2
55, 20
23, -44
7, -22
-18, -23
75, 89
41, -29
96, -11
39, 86
-86, -59
-8, 44
-43, -26
30, 31
-15, -6
88, -85
-65, -4
-99, -22
-2, 57
39, 58
60, -62
52, 15
83, 68
5, 27
-39, -48
-58, -19
-13, 77
32, 77
-61, 0
-96, -59
8, -23
-2, -63
20, 56
82, 13
-24, 52
-46, -52
45, -18
26, -91
77, -16
-42, -25
38, -100
31, 96
77, 52
-88, -78
-22, -59
56, -48
34, -4
-94, -52
-1, 18
66, -36
29, 52
-85, -78
-23, 89
89, 28
36, 71
79, 14
20, -93
-59, 13
13, -9
67, -83
-87, 78
-5, -52
-2, -28
64, -58
-66, 39
88, -51
38, 38
8, -51
-51, -35
-14, -32
-83, -53
21, -30
50, 12
-27, -25
-98, -63
7, -89
-40, 76
-28, 22
79, 97
60, -42
76, -16
-21, 16
38, -94
33, 82
45, 39
-97, 89
82, -12
-11, -20
43, 28
-36, -57
58, 10
49, 4
-14, -80
-91, 77
4, 72
54, -19
23, -52
-34, 66
-100, 60
-40, 65
-47, -70
85, -27
-32, 69
-69, 42
3, -44
28, -33
7, -43
-68, 26
-80, -44
-75, 1
-29, -81
56, 57
25, 25
-80, -16
-67, -94
-74, 82
-65, -76
7, -95
41, -98
-5, 93
-35, 54
-21, 19
-61, -21
-84, 27
-22, -64
-40, 94
17, -29
24, 50
-36, -61
77, 35
-79, -7
29, -41
45, 87
-38, -40
-45, -84
29, -20
57, 63
33, 66
56, -96
-11, -80
4, 1
34, 48
-20, 81
-37, 78
68, 20
-79, -63
-50, 89
-68, -35
88, 39
4, -41
-63, -24
93, 9
-41, 40
81, 90
21, 98
-90, 45
64, 96
73, 78
-70, 38
28, -82
22, -16
42, 41
78, -96
-11, 63
-70, 81
-55, -91
-73, 80
-34, 70
-11, 60
84, -54
62, -16
-47, 22
-39, 54
14, 6
82, 38
-64, -75
-65, -41
-85, -33
-77, 100
39, -33
-15, 40
95, -65
4, 32
-49, -30
-12, -79
5, -6
46, -58
-79, 48
69, 67
-47, 42
55, -27
-75, -84
87, 65
99, -11
-52, 39
48, 63
53, -97
56, -70
-7, -92
-25, -77
81, 26
42, -6
-88, 5
44, -72
17, -25
-77, 88
-6, 32
47, -63
-97, 52
-41, -93
-4, -47
49, 59
-79, -94
31, 20
-92, -24
10, -58
84, 22
48, -96
-24, -66
88, -3
90, 53
-58, 72
63, 86
-20, -44
69, -32
16, -4
12, -75
21, 36
64, 72
9, -93
-42, -27
19, -18
61, -23
92, 53
58, 40
74, 81
74, -33
-66, 36
20, 40
26, -55
-62, 52
98, 37
-77, -71
33, -46
-42, 15
41, -70
52, 38
-62, 7
55, -44
-28, 32
-57, -16
-60, -46
-35, 66
-85, 45
55, 2
96, -10
-25, 52
-14, -99
5, 12
-1, -46
40, -83
71, -91
25, 93
-84, -39
6, 15
19, 61
-83, 90
-66, 22
56, 52
-42, -95
8, -64
11, 98
-41, 96
27, 98
98, -70
27, -54
81, -42
-82, -32
-80, -30
31, 20
67, 6
-48, 71
89, -90
-93, 35
52, 29
41, 1
-45, 28
-4, -83
-64, -46
90, -76
-45, 93
-26, 46
-80, -11
-98, 86
-19, 82
75, -82
84, -98
-21, -45
-36, 63
-66, 100
-63, 16
-53, -92
-34, 33
-32, 70
19, -64
34, -35
55, -40
21, 3
-65, 49
35, 7
65, -28
34, 59
10, -14
9, -38
-13, -77
-69, -73
-93, -90
-4, -1
-46, 99
-62, -58
25, 15
4, -100
-76, -19
-93, -54
-73, 37
-8, -75
-28, -32
17, 40
-75, -50
-39, 42
-52, 15
41, -21
-36, 0
-66, -45
32, 14
43, -6
87, -74
-79, -30
-80, 84
-18, 60
40, -51
34, 82
-48, 9
-92, 80
-96, -61
42, 59
64, -17
-11, -85
69, -59
50, 41
-39, 27
-40, 79
82, 78
-6, 13
-78, -14
-28, 38
-70, -47
-3, 84
14, 84
-22, -86
65, 19
97, 83
-57, 66
-41, 27
30, 7
-25, 36
91, -69
-48, -49
-54, -91
12, 40
-2, 39
-32, 22
-18, 32
-9, -27
62, -23
70, 8
-87, -36
-91, -95
-94, -49
22, 59
-41, 2
88, 11
-36, 26
100, 79
-67, -77
25, 81
-77, -79
5, 95
63, 26
86, -5
-58, -82
-2, -29
-53, -69
2, -68
45, -27
85, 56
83, -21
-63, -27
-49, -6
57, -84
42, -74
73, -89
-17, -84
92, 59
61, 7
34, 5
-52, 49
-86, -15
51, -98
45, 23
27, -71
95, -61
56, 86
13, 60
-26, -47
5, 14
67, -59
-94, 88
-91, 24
-12, -12
-30, 80
12, -4
-20, 35
53, 80
-53, -36
-63, -5
-37, -78
24, 77
-50, -74
68, 37
81, -83
11, 66
-44, -63
78, 75
-57, -26
-70, -93
-45, -27
71, -99
-32, 92
41, 32
-100, -48
-49, -17
97, 86
-6, -80
32, 81
-76, -44
-56, -2
23, -84
18, -46
-4, 57
93, 98
-65, 73
-71, 73
-11, 89
-14, 33
-58, -33
57, 23
-80, -52
-34, 45
-64, 34
-48, 42
50, 11
-71, -15
-94, -33
-50, 79
-88, 68
-90, 89
46, -62
85, -88
-89, 59
34, -80
-69, 85
56, 92
47, 57
-93, 73
76, 65
-63, 24
28, 87
-76, -1
10, -90
-37, -84
-96, 79
33, 72
38, -32
-40, 96
73, 75
9, 69
59, -47
66, 36
-95, -5
-31, 31
-47, -25
-5, -16
54, 85
60, 48
23, 51
56, -53
-98, 96
64, -61
93, 94
25, 0
-94, 53
13, -84
74, -30
93, 16
19, 0
-25, 97
-56, -31
3, -48
33, -12
21, -95
55, -57
-7, -72
-35, -25
93, 62
90, 86
70, -62
95, 3
94, -64
17, 75
30, -66
-68, 82
66, -69
-30, 95
6, 12
96, -34
34, 27
81, 11
-97, 30
-9, -19
-31, 13
86, 65
-63, 48
59, -58
-100, 28
-72, -66
-61, -50
99, 6
97, -63
-2, -73
34, 74
-16, -29
31, -7
-47, -43
-55, 40
-20, -19
45, -20
68, 29
-32, 75
24, 64
8, 79
60, -18
-61, -51
-96, 77
-12, -84
-61, 63
-72, -61
-85, -8
-12, 89
-49, -78
28, -37
-62, 69
-65, -88
-98, -39
9, -63
23, 30
22, 57
-80, -96
-76, 11
-37, -32
-43, 73
3, 72
-93, -21
89, 54
75, -50
16, -94
59, -6
-8, 3
-17, -5
1, 70
-7, 10
75, 39
-73, -78
-96, 30
67, -62
-18, 52
-88, 60
11, -30
69, 81
39, 30
-66, -72
-88, -11
-90, -23
22, 33
-22, -33
-82, 30
-97, -95
31, 15
-37, -30
28, -4
92, -46
64, 97
-92, -69
15, 5
-92, -80
3, -91
40, 50
-75, -88
52, -11
-60, -35
52, -7
34, -14
33, -82
43, 19
-93, 17
44, 19
60, -90
-31, -75
-14, -68
26, -76
-62, 62
-1, -52
63, -61
-73, 91
32, 90
-84, 41
-21, -62
3, -33
63, -24
-46, -88
-28, -37
1, -82
-31, -32
-82, -74
75, -28
-23, 53
60, -31
77, 44
6, -24
-80, -66
83, 89
1, -73
-91, -89
-75, -23
-9, -50
-94, -39
-86, 44
84, -13
-14, 80
-63, -66
92, -26
-40, 73
-31, 90
-98, 40
-80, -73
86, 83
20, 26
20, 99
12, 85
-36, -12
-60, 19
-50, 85
10, -74
-11, -28
45, -34
63, 19
-18, -99
77, -44
-74, 5
82, 1
93, 16
-19, -12
40, 60
70, 78
98, -88
-4, 32
-56, -92
-85, -2
96, 73
65, -15
30, 58
20, -56
-37, 92
-30, 9
47, 18
19, -77
-77, 71
94, 17
64, -60
73, 20
82, 20
-78, -78
-40, -36
-8, -27
50, 0
64, -82
-5, -25
-99, 83
-49, 58
-66, -25
35, 24
-85, -85
-35, -6
-89, 61
100, -5
81, 64
-9, 13
-75, -43
54, 50
-37, 72
86, -2
69, 76
29, -21
-2, 8
52, 34
5, -39
69, -76
81, -62
-57, 12
-99, -31
-49, -74
-45, 79
-43, 24
-57, 45
2, 56
30, -85
-36, -54
-19, 91
-96, 31
-77, 17
17, 9
65, -29
20, 12
-85, 30
-71, -97
55, -69
-84, -13
91, 92
-13, -47
-91, 64
-57, -17
-50, 35
-32, 18
66, 91
77, 98
-99, -12
-43, 91
59, -3
-4, 35
-97, 17
96, 3
-9, 79
-34, 79
71, 12
29, -61
-56, 57
65, 73
-21, -18
-22, 27
-33, -73
-74, -86
68, 17
-32, -56
76, -60
-57, -95
-21, 91
-77, -20
28, 64
-12, -37
98, -28
91, 44
-86, 14
-63, -22
-15, 81
-70, -22
58, 8
-15, 73
68, 12
77, 26
99, 1
-6, 38
13, 0
65, -39
-16, 50
15, 11
12, -38
44, 52
17, 6
51, 71
-41, -37
48, -71
-96, 34
92, 81
-85, 5
-45, 13
-67, -65
5, -45
-48, -61
65, 42
58, 60
-38, 42
-65, 82
-91, -29
-23, 36
-82, -77
48, -70
-19, -6
-12, -71
-74, -20
-11, 44
86, 83
81, 96
-47, 11
-48, 31
67, -61
85, -85
41, 64
99, -63
-65, 12
17, -93
-41, 18
41, 52
-15, -71
44, 60
45, -85
-85, -8
-12, -70
-100, -22
-83, 49
45, 17
33, -42
-100, -30
11, 14
-53, -100
-31, 66
87, -90
40, -47
47, -2
-65, 37
-18, 54
11, 44
55, 99
17, 12
-50, 55
-71, 47
-37, 25
17, 27
-91, -98
-26, 35
52, 87
-65, -40
80, 97
88, -26
85, 27
-3, 59
17, 1
-78, 68
-5, -67
4, -56
37, 2
9, -68
56, 63
44, -36
-77, -9
27, -60
39, -45
-73, -46
-1, -87
-23, -69
-80, -24
-84, -98
100, 21
60, 40
54, 19
-57, 90
-46, -11
-22, -14
-24, 68
-95, 9
-10, 88
-41, 2
-30, -43
-39, 63
75, 45
20, -15
-74, -86
-23, -35
26, -92
-54, -67
41, 42
81, -71
-29, 95
-6, -13
40, 15
76, -99
44, -15
6, 98
49, -17
-53, 55
49, 76
48, 85
57, -12
94, -8
-73, -82
55, -50
74, 56
-62, -92
-6, -36
-24, 29
-1, -47
37, 69
-86, -90
-65, 52
63, -96
-21, 74
13, -21
72, 78
91, 22
71, -46
16, 0
81, -99
1, -95
-49, -60
78, -85
57, 43
-70, 72
73, -1
33, -68
-1, -90
54, 58
89, -43
-53, -24
-81, -37
65, 89
67, -43
60, -62
-97, 94
90, 51
-78, -17
7, 89
-34, -31
52, 75
-49, 72
17, -6
-51, 68
52, -91
45, -87
-75, -71
-30, 31
-8, 52
-71, 16
97, 89
-41, 58
-76, 61
60, -2
14, 77
83, 89
-36, 57
35, 46
-16, 77
-38, -96
-15, 45
-7, 39
57, 43
-43, 3
49, -99
48, 22
63, 49
38, -33
58, 24
-20, 21
-20, -28
30, 95
69, -26
52, 76
34, 48
90, 57
88, 10
-4, 84
-6, -75
8, 40
39, 66
84, 45
-45, 77
-46, -37
-39, -94
-75, 39
-57, 39
75, 6
8, 21
92, 64
-47, 26
29, -9
32, -81
53, 69
78, 28
48, 9
50, 72
80, 78
-7, 32
57, 64
96, -40
-54, -55
-73, -14
-46, -97
-71, 61
-62, 15
-13, -26
85, 97
80, -75
-27, -92
88, 88
-24, -66
-6, -32
-50, 24
92, 26
-82, -49
94, -20
16, 69
-14, -46
-25, 18
35, 57
78, 5
23, -80
24, 54
-5, -10
-56, -94
-92, -31
-85, -30
-20, -31
0, -69
63, 61
-71, -84
-39, 93
-42, -42
-76, -26
-72, 59
97, -58
-44, 7
73, -79
24, -48
99, -53
8, 84
-61, -71
64, -1
-6, -31
-7, 47
1, -94
37, -60
65, 64
30, 49
18, 8
55, -15
-94, -70
64, 68
100, 80
-29, -87
22, 16
-73, -19
30, 72
48, -6
33, 78
-98, -42
-37, 89
56, 42
13, -26
44, 73
52, 41
-32, 17
58, -77
-12, 65
87, 47
42, -36
-50, -86
-49, -28
-37, -23
-75, -1
72, 81
-87, -94
-58, 35
-60, 97
-14, 96
-66, -18
19, -65
-84, 23
-8, -48
-13, 78
63, 3
51, -58
59, -85
42, 38
-100, 40
79, 50
90, 84
62, -59
-95, 54
-5, 12
22, 10
63, 6
80, -73
2, 87
-37, 27
34, 55
-65, -19
19, -37
47, 38
39, 83
-56, 26
11, -97
-52, -86
1, 2
-10, -21
-88, -73
51, 27
-1, -27
22, 79
97, 60
-57, 10
50, -20
-10, -85
-69, -34
3, -64
16, -61
64, -89
-89, -9
-15, -80
-67, 38
96, -41
59, 20
-62, 33
45, -80
-92, 12
29, 11
-84, -43
87, -27
76, 61
77, 94
-100, -23
-61, -20
92, -4
-55, 58
37, 54
88, 3
16, 49
-100, 96
-5, -26
-66, -21
18, 14
-69, -87
1, -8
65, -22
-26, 7
-54, 59
-7, 73
-25, -64
-9, -34
-89, 86
-57, 79
-64, -38
64, 81
19, 68
-24, 15
-71, -97
-54, -39
-69, 20
21, -18
-64, 39
24, 40
-93, 49
13, -94
50, -72
-95, 56
7, 85
44, -44
26, 78
68, -74
-43, 62
-56, 77
58, 91
39, -48
-62, -52
-68, 71
22, 95
75, 39
66, 5
-74, 93
12, -59
12, 53
-43, -80
46, -93
6, -94
95, -6
-44, -32
-21, 90
24, 55
-1, 8
49, 33
-85, -64
96, -20
-7, -92
54, -18
90, 63
-83, -18
-78, 1
80, 59
40, 18
69, 96
-25, -32
-15, 34
81, -40
83, 63
-87, 51
-46, -52
49, 26
48, -59
-33, -75
30, -88
-30, 13
41, -45
61, 17
1, -1
93, -5
-78, -52
-65, -38
-64, -30
-95, -30
64, -26
46, 25
95, 71
-31, -58
39, 1
-29, 35
92, 93
-78, 85
26, -68
-24, -95
90, -72
-33, -34
11, 6
81, 73
-23, -59
59, 69
-39, -85
-21, -8
30, -77
-3, 9
51, -63
11, -32
-49, 34
26, -31
54, -75
51, -71
-9, -42
-64, -64
39, 23
61, -99
-40, -29
14, 67
99, 62
63, -40
5, -51
-89, 94
79, -45
-28, -27
-31, -84
-13, 57
61, -37
-32, -93
-90, -68
-43, -77
-78, -3
-32, 89
35, 88
90, -13
-13, -70
27, -30
45, 31
-5, -90
-19, 20
20, -96
-20, 9
35, 11
78, 0
83, 18
100, -22
-13, -49
-79, 1
10, 53
-64, 47
-33, 76
22, 49
-99, -98
79, -26
57, -33
-24, -77
-72, -90
70, 30
-88, -87
-98, -80
-86, 13
26, -18
-80, 40
-27, 87
29, 53
-31, -26
-29, 89
8, -7
-57, -2
-100, 72
5, 60
12, 55
84, 15
38, -49
85, -90
-40, -89
52, -23
36, -97
-26, -42
-15, 9
39, -23
72, -2
-42, -52
-8, -9
82, -96
74, -65
17, -54
-81, 63
-63, -58
-42, 86
-10, 79
66, -29
-1, 92
-50, 64
21, -25
-89, 42
-34, 24
-90, 23
38, 75
92, -91
-35, 39
-15, -20
68, 5
76, 42
92, -65
94, 11
34, 62
-52, -66
19, 66
5, 34
48, 22
-75, 6
0, -53
-45, -27
-19, -96
11, 47
-75, 14
-49, -50
-18, 7
83, 66
-51, 43
-5, -63
0, -65
69, -79
-38, -81
-20, 100
40, 82
-26, 34
-5, 67
-64, -37
22, 92
-79, 62
-82, -71
63, -40
-42, 58
29, -53
-78, 82
-36, 47
7, -2
42, -33
4, -21
-61, -30
-91, 16
-22, -18
-2, 54
-35, -81
76, -8
-73, -72
44, 36
9, -96
-59, 1
93, -22
48, -51
-22, -89
-90, 33
-66, -38
65, 44
-85, 94
76, 90
-50, 98
1, 94
78, -97
-81, -40
9, -49
23, 93
-39, -39
-28, 68
-34, -91
30, 64
-95, 77
-87, 63
6, 33
-57, -28
28, -41
-2, 84
76, -18
-36, 92
15, 74
-4, 25
-72, -9
-4, 46
-49, 5
-87, 32
11, 31
-61, -7
-29, -54
21, 30
34, -97
35, 30
-89, -60
42, -100
89, -34
-37, -20
-30, 58
0, 4
-20, 31
-45, 74
-18, -74
1, -42
56, -46
42, -59
-54, -87
-7, -22
95, -73
-78, 60
63, 30
-7, -93
58, -31
-37, -53
97, -95
28, 0
85, -89
10, 94
18, -85
24, 0
-72, 12
-14, -29
2, 83
64, 2
52, 38
87, 57
84, 81
93, -4
84, 34
-59, 13
71, -10
100, 61
8, 8
59, 4
25, -48
-31, 55
25, 66
24, 54
49, -58
-17, 52
-45, -41
-55, -85
93, 22
-34, 69
-69, 7
-93, -7
89, -70
-66, -4
-69, 2
33, 77
-39, -64
-17, 82
0, -98
55, 4
39, 44
20, -100
19, -65
-71, -78
24, -99
36, -12
47, 40
90, 95
-84, 93
-50, -10
14, 42
-41, 98
86, -99
-90, -30
53, 26
3, -24
-92, -53
-77, 1
-10, -18
4, -33
40, -72
41, -4
83, -67
74, -61
-49, -73
92, -41
2, 42
-94, -86
-78, 95
24, 93
85, -84
19, -25
65, 65
95, 93
23, 83
-40, -83
-86, 9
-24, 4
-93, 4
12, 82
23, 13
-96, 27
-42, 61
56, -2
-38, 57
44, 27
3, -6
-45, 56
-74, 44
-99, 7
77, -21
-1, 65
24, -29
-52, -100
-16, -83
69, 76
90, 22
-78, -34
32, -23
59, -74
23, 19
-9, 83
-34, 19
20, 71
-94, 48
-76, 4
-73, -60
99, -22
76, -47
-55, 66
55, 81
-14, 20
-84, -16
-42, 51
-84, -66
80, -89
-80, -91
5, -95
39, 47
30, 5
41, 73
70, -100
-79, -50
-41, -62
-26, -14
-93, -36
37, 34
-57, -80
-12, -18
56, 84
40, 31
-70, -92
-83, 89
-84, -32
32, -100
38, -63
-6, 21
-55, 35
-78, -79
-88, -97
-84, -93
95, 31
68, 32
77, -22
11, -44
-7, -72
-53, -32
58, 26
-57, -20
-72, 23
-51, 27
-79, 7
89, 27
-2, -47
28, 25
5, -49
93, -76
-44, -59
-78, 98
-31, -76
-59, -19
70, 26
93, 76
100, 42
-16, -21
-87, 93
-2, 60
-17, 66
59, -24
78, 2
-47, -14
97, -65
-91, -91
28, -61
-44, 2
17, 86
-53, 16
-41, 81
100, 81
10, 89
54, -58
16, 66
-75, 48
68, 30
-20, -69
-11, -74
-89, -39
-26, -10
96, 26
-64, 79
22, -35
-76, 88
66, 61
-91, -47
-63, -26
-42, -92
10, 5
19, 83
51, -52
63, -66
-54, -42
15, -24
-59, 17
94, -69
-8, -94
-60, -77
-48, -11
-97, 84
-86, -25
27, -49
89, 40
37, 94
81, -99
46, 57
45, 89
57, -93
-46, 8
77, -6
18, -12
-31, 28
-43, 22
-25, 31
49, 60
-71, 11
9, -45
-73, -24
51, 9
13, -94
67, 3
-89, 75
0, -78
98, -47
64, 0
-71, 66
56, 28
99, -25
-44, -36
-65, 35
50, -63
-85, 93
16, 9
-26, -6
-90, -94
-58, 3
-67, 59
-71, -46
18, 65
13, -5
23, -44
-11, 14
17, 25
-87, -29
3, -86
-71, 28
-23, 91
9, 60
67, 2
-61, 93
95, -5
66, 0
-88, 24
-42, 0
74, -79
28, 44
-38, 23
59, 25
21, 41
55, -30
0, -96
10, 77
2, 30
77, -83
80, 94
-34, 83
-3, 50
-84, 78
-15, 39
-56, -7
17, 65
37, 38
56, -74
-89, -26
75, 17
94, -78
31, -49
50, -63
-98, -56
-75, 25
82, 29
97, -65
12, -39
-7, 87
-60, -85
-98, 32
-18, -19
38, 42
2, 11
-82, 16
14, 16
-3, -46
-85, -34
-3, 18
17, -63
90, -16
32, -97
-6, -32
96, 19
-40, -9
-90, 47
41, -35
-27, -19
-93, -23
-87, 71
-57, 49
40, -17
15, -42
19, -43
74, -94
-31, -85
-66, 74
-22, 83
-15, -83
-27, 40
69, 72
-21, 47
75, -44
-69, -49
58, 48
100, -30
-24, 20
55, 73
-11, 60
-42, -45
-61, -45
27, 47
-44, 77
93, 5
84, -1
-88, 77
-97, 89
39, -76
-27, -57
-52, 87
69, 85
35, -90
-13, -35
-41, 53
-86, -60
23, 3
64, 9
18, -91
-91, -51
-22, 32
30, 31
-10, -44
-81, -87
-32, -42
38, 66
-81, -6
60, -43
76, -54
32, 14
-83, 12
-56, -46
46, -83
-24, 60
77, 60
-6, -5
-66, -70
57, -66
-68, 17
57, 24
-64, -29
-94, -51
-33, -29
36, -52
15, 80
53, -45
-61, -61
-62, 83
50, 43
-85, 2
-65, 38
95, 87
62, -80
-26, -81
-79, -30
59, -22
-66, -14
24, -51
-4, 65
-70, 84
-96, -26
-64, -83
54, 13
68, -68
-93, 75
35, -49
37, 9
78, 75
-23, 58
50, -39
-78, -15
36, 21
-61, 90
-68, 62
-75, 13
31, 82
-34, -45
73, -73
-65, 84
-62, -1
13, 11
-94, -25
-53, -10
83, -62
-55, -35
19, -5
-85, 50
-69, 17
80, 11
-22, 26
42, -65
34, 91
3, 71
67, 37
100, -75
45, 90
98, -34
-61, 77
35, -34
38, 68
-36, 61
17, 30
87, 54
-8, -58
-59, 5
61, -74
-42, -84
-53, -67
67, -45
-33, -39
-93, 29
50, -5
-71, 60
9, 36
-25, -88
5, 81
39, -49
-45, -5
8, 6
-61, 51
22, -73
-9, 17
-83, -26
-36, 76
-43, -21
-28, 29
-59, 76
99, -31
-59, -17
32, -48
-83, -48
-36, 79
-26, 1
-14, 79
-65, 74
-75, -29
-28, -94
-90, -69
-42, -22
100, -4
16, 25
16, -1
33, 56
22, -31
-57, 66
21, 4
83, 73
94, -94
37, -8
-34, -96
-7, 22
14, 62
-31, -8
-68, -16
52, 68
38, 5
-8, -26
54, 30
99, -28
85, 37
15, -34
-70, 9
86, 80
52, 70
-44, 66
-32, -11
-55, -21
-10, -3
-62, -24
49, 74
78, 4
37, 6
89, -20
37, 68
-6, -63
66, 80
-41, -67
77, -56
-84, -22
27, 48
5, 96
-52, -76
-59, -79
-39, -23
-38, -34
-88, 46
-17, 70
2, 31
-92, 12
26, 21
82, -36
-88, -48
-100, -79
64, -23
-12, -56
26, -57
13, -54
-87, 93
60, 52
26, 33
-79, 49
93, -47
23, -71
51, 83
-20, 45
72, -87
1, -58
71, 20
81, -19
-52, 81
35, 11
-74, -25
-34, 51
37, 43
7, -69
-58, -66
3, 68
22, 78
84, 8
-32, -27
-33, -85
54, -5
-75, -20
-46, 69
62, 38
-9, -91
80, -77
-82, -2
9, 48
100, -89
56, 15
41, 76
-30, -10
-83, 33
-94, -80
-10, 3
-8, 97
11, -45
-22, -47
68, 67
-69, -55
31, -25
-69, -50
-15, -29
-44, -92
-5, 39
74, 67
34, 59
67, 44
-23, -95
-96, -18
92, 36
9, 33
-4, 28
66, -99
-34, 44
36, -56
45, -18
-48, 91
64, 66
-2, -59
-24, -27
18, -2
75, 15
-80, 13
-25, -8
20, -40
6, 82
-100, 40
-44, 5
75, 19
-35, 87
43, -35
91, -2
-17, -67
-18, 18
-97, -72
-27, -17
-24, 10
72, 55
6, -72
-27, -3
31, 8
61, 10
34, -7
49, -21
38, 96
-83, -22
-59, 89
-13, -17
81, -72
-18, -16
-25, -20
-90, -41
19, -79
-71, -92
59, 58
13, -2
18, -74
-11, 53
-49, 58
-25, -54
-42, -68
30, -71
-77, 0
-100, 3
35, 67
-89, 38
81, -6
21, 35
-89, 83
77, -90
38, 3
17, 58
-77, 26
80, 57
-31, -66
-69, 44
-25, 84
-28, 36
46, 55
-13, 36
-52, 79
81, 93
70, -93
24, 10
99, 36
51, -46
80, 60
58, -22
53, 94
77, -86
98, -68
2, -72
-52, 45
-70, 11
2, -17
-60, -65
86, -65
23, 29
-39, 46
53, 100
-88, -35
-78, 64
-84, 33
-33, 100
69, -22
16, 63
-5, 95
2, -32
48, -44
-11, -46
-76, -42
65, -44
5, 66
-93, 83
41, 5
4, 68
16, -59
-45, -59
17, 51
-26, 57
92, -73
22, -8
100, 66
-86, -49
70, -43
-19, -70
74, 83
-59, 80
88, 95
3, 22
-54, 83
-60, 69
29, -2
-91, -1
70, -37
-38, -77
70, 17
58, 31
-64, 72
38, -58
-79, 20
-4, -23
28, -1
42, 20
-14, 45
52, 39
73, -33
86, -82
53, -66
53, -65
-70, -13
92, 40
50, -68
-12, 72
-96, -30
68, -25
-17, -59
-2, 28
-34, -64
88, 60
-34, 66
-5, 13
-91, 10
-62, -6
-54, -88
-97, 60
-14, -43
9, 8
55, 0
94, -93
54, 75
-97, -66
25, -9
42, -44
71, 10
17, -83
61, 75
-62, -37
-91, 45
-26, -43
-31, -28
56, -96
-92, -6
-31, -75
-23, -46
96, 54
23, -18
-34, -35
23, -93
21, -82
80, 62
-55, -33
78, -31
45, 31
-74, 25
31, -13
-86, 69
49, 97
84, -61
63, -8
45, -81
34, -76
-54, 69
65, 81
-18, 23
-71, 73
-28, -61
38, -80
-59, -63
-53, 85
99, 94
-37, -86
91, -2
-55, 58
-87, 6
49, -22
-69, 42
-66, -79
11, -83
78, 70
-60, -99
28, -16
100, 95
-47, 38
-27, 74
17, -25
-26, 55
-49, -80
-45, 26
98, 5
-72, 38
-67, -54
52, -36
11, -3
-77, 73
58, -11
-8, 4
-66, -47
-83, 30
-23, -12
-100, -66
83, -48
-7, 77
-13, -76
21, 1
46, -8
38, 18
-97, 67
-2, 12
13, -99
-26, 4
-75, 47
35, 64
51, 30
-94, -47
65, -7
-67, -38
98, 51
10, 91
75, -37
-13, 49
69, -77
-90, 22
-15, 17
-69, 59
-15, 87
-87, -15
-53, 79
92, 73
66, -52
-43, -64
56, -11
1, 68
-53, -9
-8, 0
55, 13
-79, 89
39, 14
42, -59
51, -47
-44, 10
25, -23
86, -5
-18, -20
96, 92
-60, -65
-3, 17
70, 87
-23, -5
-4, -18
-56, 2
-25, -74
-4, 54
77, -62
3, 71
-84, 19
65, -64
-81, 7
69, 70
-18, 35
75, -92
51, -84
-83, 4
-46, 63
-72, -12
14, -94
-59, 9
-59, -71
51, 38
17, -34
-11, 85
-22, -54
-6, -51
-100, -17
56, 45
-91, 53
-1, -52
-39, 100
60, 56
-57, 68
-14, -43
-42, -4
27, 31
57, -46
24, 87
-65, 20
41, 3
-76, 0
22, -51
-15, -79
-83, 36
53, -20
16, 31
78, 87
5, -94
-46, 32
91, 79
-29, 35
54, 92
-8, 97
3, 48
22, 13
40, -36
-89, 62
-53, 45
99, -51
-6, -21
-49, 18
50, 48
-88, -41
-70, 6
-56, 56
13, -40
-44, 67
-69, 42
10, 55
-10, 73
-48, -31
-57, -63
78, -43
-4, -94
-65, -82
-99, -69
95, -92
-43, -100
94, 96
51, 56
23, 69
18, -48
87, 3
44, -21
-74, 98
30, 23
-51, -99
-36, 10
-22, -72
-11, -29
-83, -67
40, 73
-28, -85
-86, 54
-90, -13
35, 43
-45, -24
-36, 97
-67, -45
6, 51
-29, -13
-44, 81
-18, 54
-58, -69
-43, -26
-25, -30
69, -45
-82, 37
1, 40
-3, -96
99, 58
53, -27
-91, 71
44, -29
8, -31
34, 0
-7, -90
-15, -10
-96, -74
-46, -25
10, -50
52, -74
-30, 42
50, 17
11, 13
-55, -32
63, 13
10, 29
8, -6
11, -17
9, 87
31, -76
-70, -2
48, 74
-36, 91
72, -56
75, -92
-44, -68
0, -16
64, 96
25, 63
70, -45
61, 54
27, -79
37, 57
-70, -72
71, 14
84, 75
-22, 90
48, 12
-89, 99
-30, 66
-45, 26
-45, 78
84, 97
-8, -48
33, -93
-70, -60
-69, -43
50, 64
-78, 63
96, 79
43, 63
-39, 3
20, 3
27, -83
-19, -25
13, 91
44, -49
-63, 3
95, 36
92, -38
-68, -5
-38, -98
-57, -75
-46, 95
45, 77
-85, -64
29, 15
48, 65
45, 78
-43, -43
-8, 11
51, -53
23, -16
95, 21
-94, 70
-33, 29
-84, 60
-79, 43
-39, 16
8, -82
22, -59
36, -83
-80, -50
-6, 66
-65, -48
60, 92
-82, 48
9, 97
65, 55
36, 10
-95, -32
-65, -53
27, 47
-19, -78
-45, 62
-48, -40
26, 73
-31, 33
-80, 82
100, -42
100, -45
47, 22
-53, 27
49, -50
-5, 39
-78, -16
-86, 56
6, 41
-79, -15
33, -75
-80, 77
37, 65
-83, -17
18, 20
8, -93
-15, -62
3, -40
-64, -22
16, 91
-65, 1
-71, 10
-14, 84
73, -75
21, 8
8, -83
-45, 11
-74, -32
-43, 55
-39, 89
50, 12
-66, -4
-59, -8
-97, -96
-54, 17
-65, 40
65, 1
60, -92
15, 71
-17, -20
33, -1
-65, 7
-50, -51
-29, -89
-16, -52
29, 81
-90, 1
42, -69
-13, 45
48, 57
-4, 96
39, -84
-51, 2
-59, -66
96, -92
89, 14
16, -34
74, -49
26, 23
34, 81
-79, -71
39, 91
-92, -69
97, -21
19, 51
50, 52
22, 2
-68, 72
-33, -52
53, 22
89, -14
-38, -57
-82, 51
-58, 25
-2, -76
22, -13
-75, -68
-16, -84
-50, -48
-92, 53
3, 83
92, -19
-43, -15
-19, -92
55, -32
21, 77
-73, -54
-82, 27
39, 78
6, -41
-77, -11
-85, 81
-36, 34
-36, 18
-88, -49
-12, -42
68, 54
-64, -27
-36, -8
40, 97
16, -96
-57, -54
-95, -6
-51, -51
56, -41
97, 13
93, 12
-21, -3
81, 35
55, -34
-3, 28
-20, 1
-25, 39
-22, -46
68, 52
-78, -8
-7, 46
58, -56
-6, -6
-63, 6
2, -85
65, 16
-22, -38
46, -98
-61, -3
12, -92
54, -30
26, -38
-38, -71
25, 100
-40, 47
-64, 15
94, 67
67, -33
-62, -76
-84, 91
-27, -80
30, 98
-5, 100
79, 95
85, -64
4, -75
64, 35
-90, -53
-68, -45
90, 84
94, 95
-54, -38
16, -89
68, -32
38, 32
-40, 63
76, -50
-58, 82
80, 61
61, 36
-40, -99
-18, -40
-2, -89
72, 82
95, -58
-6, 37
-71, 0
-1, -24
31, 73
51, 61
-72, 11
-50, -91
-21, -29
72, -51
67, -66
-51, 87
94, 86
-18, -65
12, -89
-79, -15
25, -37
23, -65
39, -90
-84, -98
91, 80
-28, -74
63, 92
31, 32
39, -25
91, -56
47, 13
-46, -1
17, 8
85, -62
-50, 72
28, 31
-80, -24
71, -15
0, -42
59, 61
-78, -25
-50, -41
11, 4
17, -66
-86, -5
-100, 50
-54, -24
9, 24
35, 63
65, 31
20, -67
-24, -46
-62, 45
89, 54
-3, -15
-9, -63
15, 6
12, -44
25, -44
-53, 20
49, 62
-12, 91
84, 13
61, -88
83, -24
72, -42
-76, 72
-18, 91
47, -36
70, -10
35, 85
65, 88
9, 34
66, -53
62, -12
30, -78
9, -11
53, -70
-9, 11
52, 91
66, -46
69, 65
39, -52
33, 68
-99, 59
-34, -40
-48, -4
-77, 41
-75, -60
81, 10
99, 41
93, 39
43, -75
-51, 52
64, 97
90, 9
-66, -83
-30, -73
8, -19
32, 7
-5, -89
-26, 26
11, 54
2, -75
65, 14
-18, -95
83, -16
-57, -31
-62, 80
46, 26
90, 44
-61, 43
-75, 97
57, 3
-4, 67
10, 97
-40, 43
-37, -53
-7, -1
-78, 15
33, 9
-45, 7
67, -60
96, -26
76, 60
-76, 59
95, -8
21, -79
52, 2
52, 70
96, 59
22, 10
-89, -66
-15, 19
17, -11
83, 4
-74, -71
27, 61
39, -64
63, -14
-2, 16
-68, 66
-38, -30
42, 73
53, -46
49, 91
42, 70
-59, 99
-38, -62
-21, 38
-24, -45
41, 5
-2, -2
-45, 22
44, 40
-72, -67
39, -99
-31, -74
-29, 64
-89, -50
-2, -77
33, -6
57, -28
35, -58
67, 52
-2, -53
96, -93
78, 45
-55, -97
95, -97
2, -23
68, 55
45, 25
20, -27
-19, -32
-63, -67
4, 22
-25, 21
-67, 28
98, -19
84, -45
54, 70
77, 44
-93, -34
88, -78
6, -37
34, -37
-14, -55
72, 45
-26, -68
85, -75
2, -25
-28, -97
82, 45
90, 48
-1, 23
-36, 70
76, -69
89, 73
83, -23
69, -56
-97, 61
-83, -94
68, -37
38, 64
68, 36
-47, 0
-67, -74
-54, -91
35, -79
-63, -100
41, 22
-81, 93
-11, -34
12, 20
48, 34
-15, -14
94, 100
-6, 61
100, -57
54, -63
31, -4
56, 23
69, 0
10, -33
34, -26
-22, -24
36, -14
-98, -86
15, -5
-37, -45
-54, 83
41, 45
1, -6
58, 79
18, 7
-78, -4
-11, -11
-16, 35
-50, -44
92, -87
28, 13
-79, -82
-20, -25
-18, -45
88, -54
-62, 85
7, 59
-56, 26
-30, 52
89, 74
11, -86
-12, -39
50, 47
96, 53
-59, 100
-19, 97
-5, -74
73, -18
39, 59
34, -67
1, -36
-84, -70
-30, 65
-99, 73
-47, -85
29, 93
78, -71
-78, -87
-30, -51
-22, 47
-20, 91
-91, 78
-4, 89
-33, -72
10, 100
56, 34
17, -10
-23, 31
34, 92
-91, -61
51, 14
-51, 79
63, 62
29, 96
-88, -87
90, 73
-9, 11
-42, 86
-54, 2
-8, 35
26, -11
55, -88
-28, 78
18, -14
-5, -88
6, -27
15, -49
66, 60
21, -22
84, 38
81, -96
-80, 94
66, 97
-60, -63
9, 69
55, 88
-90, -100
-6, 63
13, 88
73, -64
6, -36
13, 46
-48, -59
25, -68
56, 92
-41, 84
36, 48
78, -92
-70, 98
-55, -73
87, 93
17, -82
-73, -22
56, -89
-80, -83
63, -12
38, 14
-26, 19
-17, 31
84, 92
-40, -85
16, -34
-9, -4
-25, 44
-4, -2
37, 50
-24, -10
-72, 9
-82, -7
96, -95
-55, -83
39, 100
50, -99
-41, -71
-41, -21
53, 69
77, 47
48, 78
-68, 16
-27, -8
18, 82
14, -17
7, 15
-75, 61
-98, 1
52, 41
23, -91
15, 67
33, -87
-23, 93
-46, -78
90, 8
-5, -10
-89, 51
-62, -49
-61, -83
72, 74
35, -25
-93, 90
-15, 12
27, -9
15, 85
52, 64
-23, 49
-7, -13
87, 73
-3, -88
-73, -54
-37, 65
-54, -76
-52, -60
-99, -38
-21, -62
-94, -77
38, -28
88, 50
11, -74
-34, -34
-21, -71
87, -90
58, -84
-63, -37
98, 6
-50, 50
48, 94
37, -23
-22, 62
-89, -49
26, 53
-81, -8
78, 52
-52, 96
85, -99
85, -48
-12, -23
-54, -13
2, -28
-22, 40
-87, 78
-48, -18
-58, -61
24, 80
44, -83
76, -86
-76, -61
-41, 71
-35, -10
-2, -63
24, -77
3, 77
-24, 63
43, 23
27, -6
9, -86
68, 87
56, -47
30, -96
-58, -44
90, 49
79, -50
15, -75
-1, 35
47, -6
-41, 90
-21, 54
-50, -78
2, 72
6, 13
-73, -68
21, 18
-49, -55
60, -52
-92, -96
43, -90
-32, -70
55, 38
53, 45
92, -16
0, -3
42, -9
-70, 87
-81, 27
-71, 11
-43, 73
13, 46
55, -100
61, 95
-19, 74
87, -19
88, -16
73, 37
-55, -42
-59, -94
67, 89
12, 56
-18, -28
-1, -91
97, 68
41, -19
64, -6
27, -82
-22, -52
-81, 98
10, 49
72, -35
93, -58
55, -27
-14, -67
26, 74
76, -97
61, -20
-56, -26
-16, -34
66, -86
54, -48
72, -98
-84, -29
-45, 94
35, -29
-54, -63
63, -44
-87, 95
-34, -28
-67, -10
-84, 30
48, -24
28, -4
62, 52
-5, -96
67, 56
65, 59
48, 46
-58, -26
-6, 57
-55, 28
70, 70
41, 43
-56, 5
-38, -11
20, -69
63, -50
25, 4
-72, -46
93, -65
35, -56
30, -50
-51, -22
98, -19
20, 64
28, -76
91, -58
-52, -48
83, -17
-13, 12
0, -9
-74, -26
62, -78
16, 12
-15, 19
-8, -35
-17, 18
18, 30
-17, -50
58, -29
87, -83
20, 36
100, -44
18, 8
43, 80
-68, -19
-71, -35
-32, 23
69, 72
60, -62
72, 42
-7, -3
-33, -85
48, 42
-81, -47
-2, 77
7, -40
70, -50
-23, 96
49, 96
-50, -24
-5, -38
-29, -82
-53, -60
-89, -99
53, 70
45, 45
73, 83
-37, -2
20, -56
89, -78
-45, -18
-83, 49
85, 34
-70, -84
62, -97
46, -28
-52, 48
-42, 38
26, -61
-39, 15
0, -81
73, -32
-66, 91
-11, -56
33, -72
-79, -95
-65, 72
12, 83
-23, -32
19, 90
-50, -53
24, -67
42, 69
-46, -28
-72, -56
-85, 2
33, 45
84, -9
79, -19
-16, 36
70, -49
29, 55
46, -3
-18, -26
12, -19
71, 65
-57, 50
20, 27
14, 0
23, 64
-22, -58
3, 91
-43, 38
0, -98
-46, 27
50, -23
-2, -79
41, 13
-51, -89
-19, 71
19, 7
93, -81
31, -96
-11, -6
-36, -9
-98, -29
-96, 55
-58, 53
83, 41
-54, 17
-69, 64
64, -87
-76, -78
15, 8
9, -12
67, 67
64, -85
-40, 41
77, -13
-86, -91
96, 34
-53, 38
18, 79
-68, -16
95, 48
-22, 79
17, 100
-72, 70
-65, 57
69, 48
-6, -11
-72, -48
-46, -99
77, -89
-2, 66
-52, -90
70, -15
5, -84
-16, -86
4, -60
38, -52
85, 98
75, 69
-4, -14
-57, 58
82, 71
27, -95
36, 75
-72, -36
-13, 28
-34, 71
48, 80
-20, 0
43, -29
57, -50
91, 93
-93, 80
88, -69
-82, 42
27, -50
-14, 26
-33, -53
69, -87
-45, -95
96, 33
38, -24
17, 23
-64, 84
-47, 100
69, -39
40, -50
12, 82
-7, -11
40, 7
-40, -84
-51, 70
49, 86
29, -95
94, -21
-87, -30
-40, -53
-28, 5
3, -68
59, 14
-62, -39
-5, 67
-69, -74
-13, -16
21, 43
100, -10
17, 34
89, 34
94, -21
68, -3
36, 51
-96, -92
80, -32
-15, -49
12, -3
2, 17
93, 13
40, 19
-67, 59
67, -41
-29, 54
-23, -51
-90, -38
70, 49
-96, 29
-82, 66
-33, 41
-16, 31
62, -12
-8, 59
-35, -49
-54, -97
89, 10
38, -3
19, -24
42, 9
-13, 39
9, 82
28, 27
-98, 51
86, 56
-93, 29
48, -56
66, -37
66, -90
-71, -51
-74, 9
76, 24
86, -29
98, -90
-48, 34
-99, -1
-39, 35
12, -96
-67, 29
-65, -61
-50, -99
-22, 38
79, -27
2, 96
49, -4
90, 99
-9, 62
-1, -53
-34, 90
-35, 83
-54, -49
-79, 3
95, 48
26, -56
-59, 73
-26, -63
-29, 51
-68, 35
-3, 7
83, -46
25, -5
-90, 14
61, -62
-19, -93
-24, 41
-73, -28
-37, 13
88, 71
48, -35
-88, -82
22, 100
97, 62
-79, -94
29, 18
76, 5
-38, 84
-76, 52
-13, -92
-22, -20
-33, 58
-67, 63
86, 66
6, -98
95, -63
98, 64
52, -68
29, -77
-35, 9
-13, -90
31, -37
74, 17
-40, -46
69, -53
-49, -93
-7, 71
-11, -45
25, 80
36, 68
-56, -79
92, 23
-72, -16
58, 9
-29, -39
-3, 76
-41, -37
-55, 43
-48, -64
10, -89
-21, -2
64, 36
-68, 89
-50, -82
-28, -5
36, -72
-95, -63
-66, 44
-13, 98
55, 58
52, -73
-45, -99
-48, 93
70, -23
-54, 38
-20, 38
-64, -47
44, 80
95, -86
20, -13
97, -32
-95, 32
62, -99
83, 77
12, 94
77, 75
-55, -12
91, 43
-34, -88
-45, 5
97, 72
-6, 42
34, -86
12, 98
28, -86
-59, 87
-51, 31
-3, -77
67, 42
61, 30
-79, -19
-21, -83
62, -65
-19, 13
-48, -56
-29, 6
100, 17
63, 92
70, -71
30, 78
-31, 13
51, 35
44, -13
78, 39
-56, -7
72, -87
30, -21
97, 95
72, -98
68, 8
-43, 87
86, 84
-4, 59
6, 57
-68, 20
-8, 5
58, -22
-96, -61
53, 66
-35, -99
-40, -20
-42, 45
-25, -76
-77, 83
86, -96
61, 5
60, 80
-77, 54
82, 20
-89, -27
73, 89
-73, -100
-46, 12
-69, -86
-29, -93
28, -26
75, 100
-18, -43
-99, -68
-55, -14
-75, 10
98, 36
46, -21
-73, -62
-52, -12
77, 67
27, 38
45, -67
-70, -90
-11, -26
91, -80
-90, 53
-73, 15
-47, 36
63, -61
-49, -90
49, -58
13, 67
-65, 15
2, 72
39, 41
1, -92
6, -82
88, 97
-94, 15
-69, -53
-40, 76
79, 43
13, -28
16, -73
-96, 71
-73, -20
62, -49
49, 20
-75, -83
-20, -70
-74, -39
-26, 92
69, -17
-81, 82
50, 68
-56, -64
-32, 93
84, 33
35, -35
-36, -83
87, -63
-87, 75
34, 98
9, -34
56, 56
18, -95
80, 40
-36, -87
8, 8
-35, 21
-8, -75
-64, 67
88, 61
-53, -47
13, -62
-24, 40
18, -45
36, -44
-96, 86
-28, 38
48, 57
-46, 51
-52, -19
-64, -29
-49, 16
-41, 94
84, 89
-67, 59
31, 96
-70, 43
28, -6
-50, -52
43, 83
84, -19
77, -66
30, -89
-1, -94
58, -97
-28, -50
81, 85
-32, 3
64, -71
-8, -72
-30, -64
-19, 77
-71, 12
-31, 42
-64, 49
-100, 88
-57, 71
100, -96
21, -58
-85, -49
-15, -69
-10, -11
17, 92
-98, 20
-52, -99
-95, -92
81, -45
-65, -5
-12, 58
-17, 15
39, 42
-86, -78
-83, 1
-83, -94
41, 24
-22, -70
86, -82
72, 48
-32, -43
93, -96
17, 22
-67, -69
-5, -62
-93, -53
-60, -37
-85, -65
77, 79
-92, -26
61, -7
-18, 97
-62, 39
-38, -33
72, 45
-45, 19
94, -69
44, -79
3, 17
-40, -23
21, -12
-66, -93
100, 54
-82, -98
-63, -35
-87, 66
-16, 72
-30, 54
-54, 76
26, -13
75, 85
-21, -26
-53, 19
-98, 61
-57, -60
90, -41
-85, -46
-78, -18
50, 21
42, -84
92, -19
92, -62
-68, 5
4, 84
35, 95
84, -22
-5, 91
-35, 31
-86, -27
-53, 31
-57, -42
43, -62
-8, -16
-15, -33
48, 94
-49, 47
15, 73
90, -69
-75, 91
38, 22
90, -86
-77, -66
61, -95
41, 79
53, -88
-7, -35
-3, -20
10, -84
35, 39
-69, -91
-21, -60
-48, -59
-49, 100
-36, 17
62, 42
-62, -82
-22, 78
92, -50
-11, 26
68, 47
71, 62
2, 31
-18, -93
-21, 70
-23, -40
33, -100
47, 47
-74, -27
36, 84
-31, -46
-68, -25
-42, -6
-36, -28
1, 90
84, -31
20, -9
-12, -19
-98, -78
-54, 0
97, 20
-82, -55
86, -73
-7, 25
-49, -41
-63, 4
0, -71
-76, -3
-98, 7
-19, -26
-25, 86
-59, 63
-37, -10
-66, -87
4, -61
56, -92
-3, 13
16, -57
-31, 66
35, 6
-59, 97
-94, 63
85, -87
-28, -28
15, -16
9, -1
-24, 51
-15, -91
44, -98
47, 89
68, -6
74, -3
73, 96
51, 5
44, -62
-4, -17
68, -52
35, 31
-25, -92
38, -6
41, -76
30, -84
-88, 78
-24, 56
-81, -63
8, 8
-34, -61
-25, 31
-14, -20
96, 9
-82, -64
42, 94
-85, -58
-87, 32
-32, 69
3, 2
-76, -31
78, 95
-15, -51
-21, 17
-14, 50
-22, -24
-87, -8
67, 14
35, 95
70, -50
-82, 34
56, -46
-53, -34
19, 29
-30, -43
-72, 45
-82, 66
31, 28
-84, -99
-63, -85
17, 18
-37, -84
20, -81
62, -41
-12, -56
15, -95
62, -18
-52, 60
-73, -60
16, 46
31, 32
11, -98
-48, 6
-36, -19
-87, 97
69, 71
97, -81
-74, -16
16, 44
50, -88
-88, -51
-43, -94
4, -9
43, 91
-56, 31
-50, 92
95, 42
-72, -48
-20, -49
-28, -92
99, -96
-26, 70
-45, -2
-5, -29
62, -71
-53, -73
67, -79
26, 9
11, 75
87, -22
67, -75
-10, -31
-25, 30
42, -76
-72, -8
-90, -15
47, -36
76, 75
5, 100
10, -96
98, 14
-26, 16
2, -31
-77, 94
-28, 70
33, -42
-61, 34
88, -52
-80, 35
-4, 21
-72, -88
-81, 22
-43, -67
69, -89
-21, 15
90, -8
-63, -87
23, -51
-97, -32
27, -94
-69, 17
-48, -11
-43, -37
-8, -1
62, 13
-18, 28
-95, 80
52, 23
86, -73
-75, -25
-79, 91
-99, -2
52, -31
12, -47
-57, 54
27, 68
-8, 93
-67, 53
-92, -9
91, 80
90, 53
41, -29
73, -45
-16, -59
71, 88
11, 87
-23, -4
-73, 14
10, 20
-59, -89
76, 60
7, -88
17, -54
-49, -17
-56, 62
-40, -37
-65, 39
-49, 28
23, 80
51, 94
-38, 96
42, 3
-16, 39
62, -17
-36, -55
-26, -42
-47, -21
-3, -46
-47, -96
100, 38
96, 24
61, 66
-23, -43
-33, 84
11, 85
46, 52
19, -78
5, -43
-54, -48
100, 79
52, 99
-73, 5
-75, -47
-37, 17
-69, 29
-21, -77
85, 79
53, 41
-7, -15
92, -24
-87, 22
-44, -10
54, -86
10, 40
26, -57
4, -29
-79, 58
-80, 25
80, -43
-52, 61
37, 0
86, 63
41, 39
-52, 47
27, 16
-11, -88
25, -63
15, 37
-37, 6
-36, -25
33, -39
18, -77
-47, -3
-75, -12
53, -61
14, -52
87, -95
-78, -57
-34, 47
25, 80
-48, -35
90, -34
-10, 16
-90, 16
-58, -42
46, 77
10, -20
44, 81
-44, 16
-31, -22
-93, -51
54, 62
-96, 61
72, 29
34, 55
-38, 6
23, 38
-15, -65
-41, 28
-62, 67
8, 73
58, -72
-13, 63
59, 14
100, -95
42, -41
-66, 64
-20, 67
-36, 62
-4, 98
-81, -14
17, 29
-23, 8
44, -41
74, -45
35, 15
89, -40
30, 12
-28, 6
15, 46
8, -49
-24, -20
53, 92
54, -64
6, 91
34, 36
79, -88
-82, -18
64, 99
9, 38
46, -66
-74, -38
-66, 92
50, -1
93, 98
-69, 14
-79, 50
-62, -78
47, 70
14, 69
13, 10
-71, 19
-28, 15
-15, -48
50, 30
47, 47
-30, 32
2, 32
22, 27
81, -57
40, 69
95, 95
-64, 34
82, -41
48, -49
-32, -10
97, 1
-46, -17
-94, -22
-11, 44
-70, -18
79, 95
12, 20
-12, -34
100, -11
-65, 63
18, 55
88, 45
65, -63
-34, 18
-88, -17
-76, -40
88, -87
-61, -23
-65, -70
-71, -42
-70, 30
-79, -65
-92, 1
-59, -87
-77, 28
-7, -8
24, -88
-76, -58
73, -91
-56, -87
-20, -57
-89, 27
-60, -69
-15, 70
79, 27
-24, -53
80, -81
-35, 88
39, 36
89, -25
-71, 72
-73, -28
-75, 39
44, -85
52, 39
39, -69
58, -74
3, -61
-11, 52
-27, -34
84, 25
-20, 55
14, 1
51, 85
91, 97
30, 79
20, -94
43, 96
-5, 72
-53, 67
-79, 5
-78, -25
-5, 75
14, -50
-59, -68
-71, 28
30, 90
87, 64
99, -26
-11, 34
-20, -78
15, 17
26, -24
5, 49
-96, -99
21, 78
-92, 18
15, 89
89, -26
3, 80
84, 51
15, -79
47, 33
21, -12
-41, 46
-37, -8
43, 71
57, -29
-26, 15
77, -45
-21, 4
-88, -83
-20, -99
81, -95
81, -30
25, 43
30, 39
-99, -5
4, 50
93, -58
-9, -89
-90, 65
-27, -53
-3, -92
51, -3
33, -61
91, 63
13, 20
32, 55
-71, -11
-3, -84
87, -31
-17, -12
-99, -29
-39, -4
67, -85
53, -28
35, -85
97, -12
48, -59
77, 70
90, -75
27, -51
22, 56
44, -40
64, 87
85, 38
69, -74
78, 60
3, -42
2, 54
51, -100
15, 46
-2, -28
-88, -12
57, 52
-28, 18
-32, 68
44, -63
88, 9
-59, 19
4, -60
-2, -47
97, -74
-56, -42
51, -91
26, 79
48, -26
-98, -59
11, -45
36, 1
-5, -44
-4, -93
58, 47
-62, 0
88, 80
97, 63
17, -14
-2, -76
-13, 67
8, 94
54, 17
-98, 16
-38, -50
-64, 28
-60, 66
61, 23
18, -76
-40, -74
-84, 73
76, 85
87, 79
-25, -27
-91, -45
68, -70
100, 21
69, 62
-45, -94
34, 22
-58, -10
-46, -73
-64, -3
45, -95
-3, 95
-50, 18
-45, 49
-35, 66
45, 54
-57, 85
-43, 88
-68, -30
-44, 79
-76, -67
62, 19
-53, -13
59, 61
-72, -29
-27, 31
66, -45
-2, 21
-48, -67
49, -26
29, -56
-84, 64
18, 94
-74, 55
-22, 6
17, 14
74, 21
-35, -42
-97, -83
-33, 15
87, 99
-51, -77
-19, -68
0, 26
-45, -80
38, 33
26, 39
-90, 51
-21, -10
-63, 15
17, -8
-76, -13
58, -38
29, 3
36, -13
2, -2
36, 87
14, -1
37, -36
29, -43
-77, 46
63, 96
-6, -43
26, 27
22, -86
-25, -76
-37, 60
29, -41
-15, 31
86, 92
98, -28
-76, 0
-61, 22
71, 91
-86, 22
16, -39
-13, 52
-1, -76
7, -55
5, -80
55, -99
98, -58
94, -63
18, -2
-23, -7
4, 53
-24, 61
20, 15
-37, -48
-31, -1
-90, 12
-19, -11
57, -27
91, -31
33, -85
81, -43
68, 63
95, -10
24, 96
-85, -31
-1, -32
43, -79
6, 25
61, -82
-34, 66
47, -58
-17, 74
-27, -17
-24, -29
-57, 58
-76, -47
85, -18
-61, -24
-89, -38
-73, 44
-74, -72
65, 60
75, 8
31, -69
-84, -56
18, -100
68, 80
-20, -48
22, -66
-84, -46
-81, -8
-41, 84
56, -72
-64, -55
55, 93
49, 79
71, 18
71, 21
0, -1
-23, -5
-82, 29
-38, 38
17, -46
-60, 43
-72, 50
7, -98
-94, 57
35, -71
-95, 66
59, -77
26, 92
89, 20
-12, 77
50, 8
-12, -20
12, 30
-11, -68
82, 65
-75, 78
-87, -22
-61, -67
-11, 31
-81, 22
-18, -97
88, -61
-42, 87
53, -60
-75, -91
33, -48
46, -73
-32, -10
-42, 88
95, 90
-70, -3
56, 40
53, -18
29, -34
-95, -69
-87, -44
-75, -82
62, -83
-36, -36
-24, 12
41, 67
82, 71
91, 58
-93, 41
63, 59
-33, 38
-62, 70
-4, 51
-84, -16
54, 72
46, -72
40, 99
-62, 20
-90, -39
-5, 68
-16, -72
-40, 72
-83, 76
-4, 57
-84, 32
99, -6
42, -50
-55, -21
21, -75
-95, -59
30, -18
-28, 10
16, -34
-28, -56
-69, 31
-75, -45
-15, -5
81, -28
57, 17
19, -95
89, -100
22, 80
96, 6
-86, -83
78, -47
-53, -96
60, 85
46, 80
20, -86
-77, 43
52, 78
-13, 14
-52, 4
-53, -57
72, 13
49, -91
67, -34
49, 3
50, 61
-38, 58
35, 3
84, 52
-31, 45
-84, 22
65, 40
-65, -66
71, -45
-71, 41
-96, 87
-92, -86
69, -90
-14, -39
66, -62
32, 62
40, -90
-73, 19
55, 66
69, -5
-70, -39
-42, 0
-48, -71
51, 19
14, -48
-85, 94
84, -90
-23, -79
-55, -7
-99, -77
-56, 47
-82, 73
46, 89
54, -92
4, -84
-34, 65
-78, 32
18, 4
38, 77
-20, 25
20, 52
-41, -62
62, -30
28, 89
-75, -95
-46, 41
98, -28
10, 65
87, -7
-28, 29
81, 52
26, -100
64, 7
-64, 70
-56, -67
55, -83
72, 2
-70, 39
-88, 60
-56, 98
-17, 7
-71, 19
-32, -81
27, 87
-3, 68
67, 44
96, 43
90, -47
20, -58
-14, 70
93, 9
10, -89
28, 1
-43, 50
83, -96
-43, -29
83, -84
-61, 41
-5, 41
-100, 56
-24, -69
-8, -3
85, 79
-98, -34
24, 36
4, -43
24, 79
-65, 34
96, 19
67, 12
-18, 72
44, -24
-29, -97
-96, 74
15, -20
73, -45
0, -16
62, 14
-9, -72
47, -71
-92, 56
96, -5
22, 100
-95, -96
4, 80
63, 43
31, 76
47, 56
-93, -50
46, 85
-80, 23
75, -20
66, -14
93, -28
-76, -19
84, 84
-53, 1
33, -26
-41, 30
-34, -80
51, -33
-56, -76
50, -49
39, -55
5, 4
67, 17
-31, 59
38, 70
-71, 14
51, -26
-46, 53
-6, 67
82, 2
-71, 32
75, -64
-92, -15
-23, 92
-96, -7
-47, 97
68, -49
-25, -57
32, -42
-98, -85
26, -8
-85, 89
65, -50
55, 73
-85, -91
-14, 99
-48, 64
-38, 28
74, -44
75, 52
-38, -99
-21, -31
-60, 35
-13, -35
95, -64
-95, -18
-91, 23
-71, -37
81, 78
-29, -75
73, 88
-62, -5
-31, 47
38, 100
74, 71
88, 43
91, 72
99, 95
5, -10
99, 51
72, -67
50, -70
-93, 39
15, 36
-71, 45
48, -61
-7, -25
-56, -74
-42, -86
84, 56
-51, 52
-61, 87
79, -86
-50, -80
-72, 30
-77, -28
63, 66
-97, -59
6, -86
-31, 2
-57, -22
16, 85
92, -73
81, 72
-30, -40
-62, 86
68, -63
57, 59
38, 93
-78, -80
26, 43
-3, -33
-34, 95
11, -11
20, 84
-24, 61
97, -58
33, -57
54, -60
-19, 31
-6, 33
83, -15
-53, 97
64, -20
-45, -26
81, -22
17, -33
86, -12
55, 91
93, 18
87, -14
-21, -81
-64, -58
93, -41
16, -84
-97, 61
71, -63
-48, 75
-94, 29
-98, -58
35, 64
40, -82
46, 24
-24, -72
-4, 50
82, -50
56, 4
78, 1
20, -39
77, -44
78, -62
-1, -90
99, -86
-31, -47
85, 2
19, -24
59, 34
-10, 93
63, -1
