7000
0, 66
-25, 52
62, 71
-38, 10
-99, 92
-76, -36
84, -41
64, 77
-61, -69
-24, -15
34, -95
48, 22
-39, -46
56, -27
-89, 9
78, -2
-71, -9
-6, -82
-22, 48
94, -39
-31, -23
-25, 62
-78, 29
75, 21
-25, 34
-93, 95
16, -41
-60, -5
-95, -10
41, 50
99, 90
-39, 19
-63, -83
32, 73
-30, 59
-83, 16
-14, -12
65, 24
-13, 92
86, 94
-50, 19
93, -85
-63, 65
-95, 16
18, -9
-32, -53
77, -33
44, 5
-61, 12
55, -16
-18, -88
7, -48
32, 15
87, 59
-10, 90
35, 83
79, -60
25, 23
-61, 53
-3, -21
1, -63
35, -34
-76, -73
45, -13
71, 19
-69, 56
46, 51
27, -58
-23, 21
-76, 41
72, 67
28, 3
19, -15
-14, 93
-49, -58
-5, 10
48, 58
-94, 86
-12, -27
-27, 55
26, -70
84, -96
-62, 78
22, 70
-40, -47
22, -19
40, -37
-100, 47
-66, -27
18, -41
-51, 72
-78, 95
-63, 74
93, 73
-58, -90
68, -18
-67, 18
59, -24
27, -59
32, 73
-91, 73
66, 94
-43, -83
74, -20
-51, 18
43, -46
36, -93
25, -46
100, 65
-60, -91
78, -15
-42, -32
98, 15
36, -65
97, -96
-11, 69
-38, 92
81, 87
25, -39
41, -30
-49, 58
-2, 88
-34, -15
31, 28
-26, -50
7, 86
-60, -41
-97, 67
-70, -36
-87, -89
74, -59
65, -37
77, 77
35, -47
19, -79
-95, 99
-95, 46
88, -83
91, 42
73, 97
91, -7
-55, 2
40, 29
9, 73
29, -28
-50, -91
-15, 6
99, 19
-26, 36
20, 58
16, -96
-93, -73
44, -14
1, 46
-46, -9
-72, 73
-94, 94
-63, 72
-37, -50
29, 23
-46, 12
29, -78
32, -6
-98, 20
-7, 89
-22, 62
-87, -82
28, 6
45, -41
68, -35
16, -15
78, 92
94, -31
41, 70
6, -21
-50, 26
-21, -71
-5, 4
91, 54
57, -61
67, 21
98, 80
33, -76
95, -91
34, -5
90, -22
58, 46
10, -88
-82, -90
-46, 38
-51, -63
-51, -16
95, -92
38, -23
31, -42
3, 75
70, -87
-81, 76
10, 1
-85, 14
-10, 64
-60, -36
-72, 4
-19, -65
85, 24
97, -48
29, 12
-91, -10
-53, 61
82, 2
-44, -22
6, -27
40, -21
-85, -22
-64, -24
-60, -99
-48, 83
-47, -64
-63, 96
33, -27
55, -60
-78, 41
-3, 96
17, 57
-8, -43
-16, 97
90, -67
-88, 67
-91, -84
79, -81
-8, 36
40, -24
47, -73
-99, -46
-5, -40
26, 75
-84, -77
15, 93
-50, -89
52, 47
-70, 75
38, 83
79, -80
-28, -16
48, 97
41, 89
21, -24
82, -91
37, 34
33, 23
-97, -98
72, 85
1, -17
32, 90
45, 6
-98, -35
73, -29
40, 20
-58, 71
-24, -76
5, 8
26, 69
-1, -31
50, 79
-32, 79
-34, -51
-83, 82
1, 83
18, -44
-62, 57
23, 82
-34, -16
-9, 57
66, -45
51, -81
-94, -27
-5, -15
-6, -95
-87, -44
23, -94
-53, 49
-15, 58
9, -81
78, 66
98, -17
19, 66
33, 45
56, -87
55, 52
-68, 20
-38, -51
44, 9
-51, 74
-50, 88
2, -83
50, 47
-40, -80
81, -3
84, 8
-66, 46
-6, -100
-78, 53
65, -9
-66, 89
77, 52
-49, 2
27, -100
91, -66
-22, -44
-84, -28
93, 25
-14, 58
76, 95
35, 62
-26, 32
58, -70
-12, -65
-40, -29
-79, 39
92, 52
75, -22
53, -52
30, -28
-79, 84
5, 36
75, -62
20, 41
-97, -42
-70, 7
-88, -99
64, 13
-72, 44
-66, 34
-54, 77
-67, 47
86, 77
-21, -98
88, -81
-84, -92
-47, -93
33, -75
-63, -23
-44, -13
-80, 89
40, 40
54, -34
32, 1
-65, 70
3, -33
68, 13
-94, 68
-25, 26
-32, -33
59, -43
96, -13
62, 78
-43, 96
-65, 64
83, -41
58, -3
32, 78
-52, 70
-61, -47
-26, 99
33, -86
81, -26
32, 19
33, 81
-93, -96
-85, -84
48, -57
-1, -53
-81, 37
-87, -56
71, -97
81, 63
83, -96
-83, 60
65, 92
-100, 55
58, 55
85, -63
-9, -57
9, 17
12, -50
77, 75
12, 77
-55, -45
92, 35
57, 12
55, -8
49, 7
35, -67
73, -30
-73, 18
42, 1
-26, 20
60, -1
39, -3
3, 14
38, 9
31, 49
17, 28
6, -10
-64, 19
86, 9
-86, 81
74, 28
91, -83
23, 50
34, 12
-97, 82
2, -33
-80, -65
-58, 95
-14, 78
89, 29
-20, 50
-74, -86
63, -91
58, 5
92, 21
52, 49
28, -78
77, -17
-74, -89
66, -62
-81, -60
60, 81
64, 1
36, -13
-100, -85
-92, 78
40, -77
-61, -55
90, 92
95, -12
-16, 13
-78, -85
-82, 61
80, -64
-87, -63
4, 90
-81, 98
-57, -51
-33, 94
-13, -66
71, -70
-32, 19
98, -92
-28, -42
-89, -28
-73, 62
88, -22
-11, -4
33, -78
88, 10
-67, -87
-94, 63
-23, -26
75, -59
-81, -2
66, -5
-83, -7
-80, 31
-17, -78
-90, 87
-58, -29
-79, -47
98, -11
86, 92
55, -14
37, -16
33, -54
-48, -90
-76, 98
42, 56
69, 60
39, -98
4, 52
25, 34
-15, 70
64, 44
61, 97
61, 70
-77, -44
-9, -55
38, 88
44, -24
-13, 69
-47, 64
13, 13
66, -86
-6, 81
90, 39
20, 72
62, -41
-63, 18
97, 64
-11, 78
-58, 47
-85, -45
81, -60
83, -68
-52, -61
67, 83
39, -87
51, 94
97, -57
-97, -98
95, 23
47, -23
-1, 31
92, 69
-20, -17
-27, 99
-74, 55
-95, -37
84, -60
75, 7
93, -22
94, 83
41, -87
91, 24
56, 98
-85, -83
-57, 81
-33, 97
20, -15
11, -50
-45, -69
45, -67
-36, -94
-42, -68
10, 10
-75, 100
11, -86
-67, 96
-78, -23
83, 56
98, 19
-96, -77
16, 68
45, -67
-90, -57
-58, 25
-59, -30
-31, -23
-3, 80
-90, 45
-100, 90
84, -16
-67, 95
7, -14
-49, 81
40, -81
-53, -71
8, 31
49, -42
2, 39
67, 42
-28, 98
-43, 17
37, -70
-93, 28
48, 18
35, -54
-11, 5
97, -17
29, 33
-67, -33
97, 16
44, -46
-34, -6
41, -23
78, 11
-43, -53
-94, -7
-58, -66
48, -19
77, 83
-44, -93
21, -74
62, -55
60, 91
78, 82
-22, -91
94, 14
49, -67
-42, -95
70, -60
98, 41
-5, 50
31, 57
-86, 10
-71, 44
13, -45
51, -25
98, -58
-76, -2
82, 76
49, -75
-98, 63
91, 22
-100, 36
95, 48
98, 53
-97, 52
-25, 50
57, -70
-99, -47
30, 1
-62, -14
-49, 61
-34, -66
29, -57
-1, -77
90, 71
-36, 82
-23, -28
-80, -35
47, 75
29, -93
-54, -94
-45, -66
73, 13
47, 89
-45, -86
54, 97
41, -84
-61, 25
-54, -66
67, -92
-43, -48
-42, -1
-29, 87
-43, 44
-59, 21
-31, -71
-46, -67
42, 40
47, 75
38, -21
52, 17
99, 2
-12, 34
-20, -77
59, 88
45, -53
-5, -23
85, -10
86, 19
84, -62
-80, 86
48, -12
26, 5
69, 28
44, -64
-25, -61
-25, -88
-4, -99
26, 53
-85, -93
28, -40
-61, -16
-70, 62
76, -58
-46, 45
45, 52
100, -3
-97, -12
-33, -34
-4, 59
5, 14
-25, -93
-98, -19
43, -62
-12, -16
-13, -64
74, 44
-92, 45
15, -85
21, 84
89, -91
74, -33
65, 70
-25, -16
-95, 88
-2, 7
-46, -28
-28, 48
-75, -73
-46, -58
85, -95
9, 61
-64, -8
26, 91
-86, 64
77, -8
-14, 93
-20, -48
48, 55
56, 73
30, -55
-56, -32
-65, 52
-45, 81
-95, -26
52, 49
-77, -94
-57, 87
-87, -28
36, 100
-28, -97
68, 92
93, -21
-65, -35
-48, 92
-9, -35
-64, 15
-40, -34
-16, 29
57, 68
25, -18
63, -84
92, -34
-88, 35
57, -47
-100, 50
49, -81
95, 10
-77, 56
83, 76
59, 11
32, 91
-57, 63
-91, 59
-71, 100
-84, 90
-59, -75
-83, 2
10, 72
-94, 52
90, 23
32, 57
46, 45
-22, 65
85, -20
97, -97
-73, 49
81, 62
73, -55
80, -25
70, 96
-11, 99
-29, -35
3, -1
-93, 82
-23, -75
-19, -22
72, -83
-95, -86
-8, -48
32, -79
72, -45
25, -45
68, 62
86, 11
-20, 99
36, 12
82, -92
90, -13
-42, 48
-9, 28
-65, 24
83, -87
-51, -30
56, 18
16, -92
40, 51
-84, 64
-58, -58
-8, 36
-85, -86
30, 36
13, -28
-59, -10
-2, -92
97, 22
-71, -71
-3, 68
61, -46
-71, -85
10, -34
96, 56
-64, 4
-92, -93
-54, -6
-88, 56
100, 31
-78, -38
85, 78
-61, -35
-3, -69
48, -68
95, 53
82, 55
60, 1
-64, 48
-54, 67
-17, 29
87, -10
62, 62
-34, -29
51, -76
-48, 15
-77, 69
-79, -56
27, 60
43, -8
60, -27
59, -6
84, 83
4, -97
78, -97
-14, 68
-35, -44
-3, -78
-96, 40
-17, -71
-94, 88
66, 95
68, 58
23, -64
69, -27
-67, -67
-71, 64
-44, 64
-46, -48
-17, -65
19, -3
-44, 82
26, -13
-75, 73
-55, -7
-51, -100
100, -31
-8, -55
-17, -85
69, 9
-52, 76
95, 72
81, 48
44, -20
80, 98
-67, -67
40, 92
97, 22
-68, -17
-83, -78
22, 1
-25, -16
-80, 88
9, 16
-16, -64
-84, -83
21, -55
52, 11
36, 6
-36, 70
-66, -99
40, -62
9, -67
-90, -88
52, -22
-98, -65
-66, -3
39, -54
88, 93
-100, -7
20, -92
27, 46
-95, -61
-40, -37
-91, 85
-40, -12
37, -30
-44, -61
-9, 51
21, 96
67, 29
-11, 26
-40, -43
-28, -64
-79, -36
45, 81
-94, -26
-11, 68
-79, 4
-44, 60
-36, -55
-10, 87
34, 39
-3, 43
72, -59
76, -12
41, -96
-29, -99
-13, 23
-14, 23
44, 64
46, -2
89, 9
-97, -42
100, 81
70, 78
90, 28
70, 16
88, -7
61, 84
6, 83
-38, 44
-3, -21
-67, 19
6, -54
-35, 32
-85, -95
6, 60
-36, 17
-85, -39
74, -93
26, 62
-18, -6
29, -85
-75, 30
60, -79
34, -60
-62, 10
-83, -38
-89, 36
84, 44
57, -8
61, -19
100, 76
90, 8
88, -3
-52, 27
-77, 76
-83, -43
-38, 52
-33, 22
82, 71
-19, -67
-78, -40
-40, 34
-62, 1
70, -74
-93, -4
-71, -25
-83, -17
-99, -18
-36, 70
79, -49
80, -59
44, 40
-22, 39
-32, -26
61, 94
11, -10
72, -52
57, 69
52, 86
37, -63
-90, -1
76, -61
36, -2
14, -54
58, 83
-57, -32
73, 82
96, 35
20, -30
-46, -5
-76, -9
36, 67
14, -87
80, 45
-1, -30
-36, -1
46, -9
-22, -54
93, -3
-12, 24
-38, -76
69, 79
16, 10
-49, 83
-7, -79
66, -15
-32, 85
87, 91
95, -66
96, 24
100, 87
-79, 5
87, -71
66, -40
53, -77
-56, 20
74, 85
43, -93
-15, 82
-49, -77
9, 82
-15, -82
0, 25
-63, -27
79, 47
-8, 10
-67, 98
69, -53
-11, 13
18, 23
45, 29
-58, 54
67, 50
96, -21
-79, 3
6, 22
-1, -12
-32, 52
-32, -56
-46, 53
97, -13
-93, -78
-6, -90
48, -22
-34, 91
-68, -71
-7, -99
-43, 91
-49, 75
99, -70
-14, -49
-85, 73
46, -79
6, 64
-88, -33
-62, 28
-16, 75
-27, 48
61, -44
54, 76
-68, 7
66, -35
-97, 19
-63, -94
4, 69
-91, -86
-17, -92
-100, 30
41, -7
5, 42
87, 23
-13, 30
-65, -84
45, -91
59, -12
28, -50
-41, 91
-9, -73
62, -43
-48, -64
28, 2
-13, 4
24, -44
-91, -13
-53, 15
91, -27
76, 56
66, 78
-3, 81
-44, -16
-67, -78
-3, 80
3, -15
63, -73
-96, -86
-79, 52
89, 1
-89, -32
-82, -13
17, -22
76, 38
-40, 44
34, -38
82, -86
-16, -58
62, -65
77, -85
-51, -84
-3, -17
8, 91
34, 95
11, -96
-82, 65
-4, 79
-59, 37
-77, -61
-14, 76
6, -23
18, 8
86, 4
85, 35
93, 34
-17, -69
83, 37
8, -16
-94, 61
-93, -28
-79, 22
54, -41
-59, 95
-14, -29
53, -62
-57, -49
20, -43
58, 1
84, 64
69, 20
-10, -48
37, -67
-81, -90
-85, -62
26, 69
-95, 58
-77, 45
85, -1
8, -14
90, -14
-18, -8
95, -34
-42, 17
46, -63
18, 20
55, 14
-48, -71
22, -20
16, -87
-76, 98
-13, 59
40, -31
76, -20
80, 60
3, 43
95, 23
66, 76
90, 7
31, 92
-25, 97
-30, 36
-21, -63
96, 35
-24, -18
-33, 11
-44, -100
93, 4
9, 83
-48, -71
17, -28
-61, 92
-34, 35
62, -2
-54, 95
-6, 64
97, 18
-81, 59
-40, -58
94, -99
-16, -81
-95, 67
-42, 8
-68, -48
82, -68
13, -98
2, 49
78, 35
39, 10
57, -55
-63, 92
38, -80
96, 53
16, -28
86, -30
22, -72
71, -91
-25, -39
-52, -15
3, -9
-54, 41
-99, 0
37, 1
-55, 73
39, -97
50, -80
-77, -11
21, -64
46, 97
1, 57
-19, 32
-93, 33
-50, 54
-2, 35
77, -50
-12, 40
-93, 8
-45, 32
22, 23
-24, -37
89, 35
5, 74
77, 6
38, 99
66, -60
-21, -83
77, -56
67, -29
86, 70
16, 51
-46, -50
-35, -68
-52, -69
-60, -43
-7, 76
99, -74
-80, 17
-54, 63
-83, -82
-65, -44
41, -100
81, -85
-18, -11
-88, 17
-71, -1
42, -84
34, -76
-10, -20
-64, 91
-93, 23
0, 84
31, -93
55, 88
-39, -7
76, -12
-64, -63
55, 9
-71, -54
-47, -31
10, 79
-17, -4
91, 73
-92, 17
4, 94
-73, 63
67, -91
22, -71
-45, 0
-34, 15
2, -21
-98, -6
38, 1
51, 55
46, -39
26, 76
-77, 24
-90, 53
26, -78
100, 13
20, 49
-70, 50
-23, -26
2, 71
-81, 92
-32, 65
-44, -64
-29, -7
-22, 73
-33, -85
45, 84
-77, -93
-44, 3
90, -55
68, -27
40, 89
-75, -44
2, 40
-74, 68
91, -86
-96, 76
43, 84
-89, 43
35, -35
39, 4
39, -4
19, -78
-89, -67
-15, -25
-8, 54
52, 33
-23, 38
48, -9
11, 27
95, 48
28, -12
81, 23
77, 50
-8, -31
82, 60
96, 35
-36, 54
36, -36
20, 47
-81, 63
-98, -9
12, 34
52, 80
30, -37
-57, -54
11, 31
17, 52
-19, 0
-39, 33
56, -17
51, 48
91, -28
-37, 8
-44, -65
28, -91
-41, -52
80, 86
55, -44
-55, 14
-69, 66
95, -23
-98, 77
62, 57
-54, 3
34, -72
48, 27
8, -23
-18, -74
44, -51
89, 59
-8, 83
-2, -48
-48, 14
94, -41
-51, -32
-32, 67
74, 55
4, -94
15, 76
-100, 62
31, -26
53, 49
-58, -29
75, -12
-72, -76
13, 30
31, -27
70, -10
-35, -17
-97, -82
-38, -62
-93, -55
47, 50
61, -86
-8, 16
-9, 46
-16, 18
-5, 17
28, 18
-62, -26
-55, 2
-94, -92
-2, 47
61, 49
1, -10
38, -26
27, 79
-22, 69
-84, 39
65, -47
-84, -9
38, -78
-42, 90
56, 8
-18, 48
60, -99
44, 79
-18, -84
91, -75
81, 5
-95, -85
-90, -28
-74, 40
47, 36
-4, -50
-12, -45
-78, 31
32, -85
21, 73
-86, 56
-14, -21
27, -55
-82, -97
-10, -8
-23, -81
99, 79
-98, 7
-53, 10
67, 52
-78, 40
80, 6
28, 23
9, -99
-25, 11
-33, -10
-12, -92
-47, 43
-12, 56
66, -29
-27, 1
-48, 45
28, -76
-46, -71
3, 83
98, -9
38, -34
11, 57
70, -24
-22, -5
-12, -80
-85, 19
-69, 69
-3, 67
76, -6
47, -46
-23, 92
46, 3
80, 2
-100, 48
85, 72
-91, -49
-16, 1
-23, 20
-74, 52
-2, -43
-91, -41
-51, 28
-78, 28
-46, -47
-63, -29
27, 26
32, -13
-15, 58
24, 7
94, 20
90, 39
61, -48
24, 46
-27, -90
83, 57
-40, 85
-8, -29
5, 17
15, -16
94, -55
47, -35
29, 79
-56, 9
-67, -37
8, 42
72, -36
42, -43
-11, 17
-55, -27
-81, -80
-69, -29
60, -65
-94, -8
15, 15
22, 29
17, -97
-60, 33
-9, 84
79, -12
-50, 13
49, -100
75, -13
22, -30
-30, -21
-80, -30
-86, -47
-54, 16
-39, -65
80, 51
-24, -31
-56, 12
70, -43
-98, -80
32, 38
-47, 43
-43, -50
93, -17
-26, -15
97, -33
7, -98
-53, -12
-69, -87
-27, 51
-60, -73
84, -77
17, -59
95, 58
-77, -43
-43, 26
19, 21
16, 81
70, 18
-66, 10
-97, 36
31, 3
0, 38
-30, 15
74, -5
-64, 56
18, -93
21, -11
42, -75
79, 36
-76, -18
-25, 5
1, -13
23, -6
-70, -53
65, 49
79, -75
55, 52
100, 52
-11, -88
55, -87
88, -25
24, -92
-24, -47
32, 47
-59, -61
-87, 55
-5, -91
-9, 67
99, 77
53, -36
-51, 75
13, -98
59, -50
-85, -71
90, 76
29, -51
-47, 0
67, -90
-70, -25
-19, -68
-45, -88
84, -88
1, 63
-19, -18
-37, -24
-99, 66
-15, -88
-96, -74
33, 97
74, 74
51, 59
-76, 98
98, -20
-93, -21
-30, 36
13, 73
93, -97
64, 59
9, 81
-4, -92
85, -97
41, -70
79, -97
81, -4
-24, -95
97, -30
-30, -67
69, 99
88, -16
-77, -75
-46, -75
-26, -63
-13, -59
-26, -65
65, 19
29, 16
100, -21
-12, -52
37, -8
-88, -78
18, 1
39, -42
-54, -44
-86, 96
38, -69
-95, -27
-41, 31
84, 8
-20, 7
-44, 67
81, -5
18, -13
10, 92
-11, 60
25, 45
42, -52
7, 71
13, 79
-83, 12
-4, -32
9, -3
-66, 91
78, 3
11, -10
-43, -28
-5, -83
-51, 78
-51, 44
83, -24
-7, 48
-21, -51
-63, -35
-5, -37
-16, -86
-81, 2
82, 74
-23, -79
93, 5
-86, 71
79, 90
22, 17
77, 97
-51, -87
-64, -86
-27, -53
-83, 40
-55, 75
85, 14
86, -89
96, -66
-91, 69
-80, -39
43, -28
29, -50
-87, 10
23, -93
34, 48
-71, -25
-44, 62
89, 95
69, 52
-43, 29
20, 57
-76, 53
7, 89
-62, 64
-27, 13
-80, -11
-31, -86
4, 6
-44, -32
0, -45
92, 74
40, -99
47, 26
28, 82
77, 63
11, -32
3, -44
-47, -56
25, -44
-43, -33
32, -31
-74, 92
34, 66
57, -20
-12, -52
45, 2
-83, 80
-40, 6
-60, -70
84, -74
-71, -54
37, -58
-63, -67
40, -94
-48, -12
6, 82
-95, 98
-39, 41
95, -57
-33, -69
18, 34
88, 56
-24, 77
-5, 54
-99, -37
-26, 80
78, -67
99, 15
-23, -63
-55, -24
-41, 26
12, 84
57, 51
-100, 86
65, 88
-97, -57
37, -85
44, 82
-83, 38
-38, 32
50, -64
-67, -35
-88, -85
-10, 84
64, -64
98, -30
78, 3
-97, -55
-39, 51
22, -4
4, 44
65, 6
14, -62
-58, 85
-73, 95
1, 82
53, -49
-35, -51
55, -25
95, -16
62, 55
19, 91
21, 80
71, 92
88, 6
75, 41
67, 8
80, -13
7, 4
75, -98
14, -32
92, 79
60, 50
7, 34
-10, 57
18, 66
84, -90
54, -72
21, -76
42, -54
50, -67
-13, -97
7, -61
3, 7
63, 23
2, 97
64, 39
-66, 75
-28, 71
42, 22
-21, 21
57, -95
89, 28
-11, -34
-75, 2
-26, 51
-4, -21
-36, 92
-22, 13
25, -82
-83, 2
-26, 81
28, 16
-42, -83
75, 9
-70, 82
43, -49
-76, -70
1, -16
48, -60
4, -96
59, -45
25, -18
80, 91
-84, 5
-68, -12
40, 74
21, -36
-45, 34
-57, -76
97, -100
-50, 83
-10, -5
44, 61
-28, -70
-23, 99
-94, -14
83, 98
73, 26
14, -8
84, 25
34, -79
-18, -9
-42, 25
-30, 93
-74, -61
51, 75
99, -8
16, -97
9, -91
5, 99
6, 55
-8, 61
-46, -46
85, 74
56, -99
48, -91
16, 66
-66, -70
-5, 11
-83, 49
-15, 31
-57, 19
100, -13
-56, -73
6, 43
-64, -33
-87, 63
-43, -53
59, 20
6, -12
22, 52
48, -30
31, 85
38, -97
-84, -19
43, 36
-23, 50
-58, 31
-49, -52
-92, -60
-6, -95
-41, -79
22, -42
41, 74
19, -83
51, 26
22, 85
70, -56
-59, -51
-100, -49
-72, 14
-74, 64
5, 53
-43, 24
-18, -31
1, 27
-82, 45
-95, 38
-44, 27
-41, 73
100, 53
55, 33
-39, -11
33, 25
-32, 7
64, -54
93, 38
40, -41
68, -67
-26, -64
-26, 60
-65, -65
79, 27
2, -97
61, 28
-80, 44
79, -9
55, 3
0, -40
-35, -27
74, 72
56, -93
35, -26
-88, -81
18, 99
59, -91
-24, -88
88, -25
78, -95
-3, -44
-82, -41
-68, -100
42, -60
65, -1
-86, 30
89, -1
-93, -58
-76, 67
88, -40
-81, -7
58, 82
-30, -9
10, 45
-89, 26
-80, 47
-35, -37
-86, 31
71, -73
-93, -34
-54, -10
-25, 62
19, -89
18, 47
53, 55
79, -56
-52, -51
11, 86
-86, -52
7, -59
44, 12
77, 31
-75, -98
-67, -80
20, 45
-15, 78
15, 19
-96, -72
75, -64
35, 95
-89, -56
-4, 62
52, -74
-94, -10
52, 49
-9, -82
-72, 58
-66, -94
-19, 28
7, 70
3, 69
-95, -43
71, 80
10, 65
83, -36
-73, 72
-18, -44
69, 30
-89, 58
80, 72
17, -64
-37, 19
18, 46
-21, -62
-14, -27
29, 96
-26, 21
39, -85
98, 63
45, -29
99, 84
-35, 91
-15, 58
44, 75
-33, 5
66, -19
-22, -48
76, 97
-28, 7
21, -6
-25, 58
-59, 4
-90, -41
-67, -33
-45, -35
-44, 44
-32, -61
-49, -14
60, -87
-76, 94
62, -60
69, -76
-87, -29
94, -6
90, -3
-72, -51
9, -95
74, 97
-90, 91
-4, 46
57, -95
81, 31
-35, -33
58, -56
59, -77
35, 64
-36, 7
-23, -33
56, 14
66, -46
-69, 54
-1, 14
57, -53
94, 68
81, 30
-73, -51
-71, 7
-61, -83
95, 5
55, -13
97, -28
-77, -93
-50, 45
84, 59
-48, -57
76, -86
-57, -53
-83, 36
20, -88
64, -91
-100, 30
39, 4
59, 46
31, -63
-7, -40
-31, 86
71, -53
-5, 18
-75, -51
52, 30
82, 86
15, 23
95, -18
49, -23
100, 47
-100, -45
-90, -69
-79, 31
86, 66
-60, 7
-32, -24
47, -10
62, -71
58, -87
93, -93
-49, 67
-39, -47
-82, -55
-66, -8
80, 77
74, -61
-10, -46
-94, -4
-27, 11
-90, -42
19, 84
69, 23
-49, -38
9, 87
-36, 75
72, -93
-50, 74
-36, -61
2, -97
45, 10
52, 29
91, -69
-18, 12
-84, -71
4, 70
57, 57
-22, 17
-38, 70
69, 29
-27, 97
54, -77
77, 66
-36, 19
8, 19
-31, -40
15, -27
70, -83
-44, 74
30, 89
88, 23
79, -31
-95, 41
68, 14
-11, 18
-62, -22
78, 28
75, 50
69, -6
-55, 6
100, -27
49, -8
-96, 56
-37, -53
99, 66
76, -52
-42, 41
-29, -68
28, -56
-32, -7
-54, 22
-81, 57
56, -68
29, -78
-75, 73
-9, -13
70, 14
73, 56
-97, -58
67, 94
-11, 9
3, 5
-70, 87
-58, -57
-30, -90
36, -15
67, -26
81, -31
-40, -18
-16, -10
15, -71
-66, 85
65, -6
-3, -100
15, 76
-68, 15
54, -16
71, 86
4, -52
-32, -20
-79, -17
-17, -20
-77, -81
25, 22
13, 89
-16, -83
85, 97
60, -60
80, 57
-3, -98
-9, -38
20, 38
-52, -42
-99, -8
56, 14
-3, -23
-28, 81
92, 90
6, 8
54, 5
39, -68
5, -68
-98, -22
-84, -20
98, -51
-77, 76
-5, -77
95, 93
-61, -72
92, 5
-10, -20
-40, -34
-21, 79
80, 74
-6, -63
-59, 73
100, 20
70, 55
80, -83
42, -23
31, -31
76, -56
-95, -74
-86, 43
71, 17
52, 3
-7, -75
-60, -24
-74, 61
41, 19
-69, 2
85, 18
-100, 16
-96, -41
37, -87
63, -28
77, 95
-20, -28
-81, -85
11, 38
-92, 1
-44, -3
5, 54
-51, 8
-75, -95
54, 96
-83, -75
20, 91
-78, 39
-48, 27
-27, 72
100, 84
99, 49
6, -33
-8, -68
78, 21
10, -31
1, 77
26, -47
87, 83
-15, 82
-73, 29
51, 4
15, -72
-68, 78
-14, 25
56, 57
94, 1
-81, 59
-49, 47
36, -9
-40, 61
-32, -25
-22, -90
41, 21
80, -60
-3, -100
16, 22
-86, 62
18, -30
77, -93
-55, -56
23, -65
-16, 97
-32, -55
85, 85
-78, 51
-14, 80
68, 77
-46, -82
-68, -93
-7, 50
-2, -99
-26, 89
-54, 21
71, -38
31, -23
-93, -35
9, 68
25, -19
-29, -11
28, -71
-77, 54
30, 59
59, 13
1, -10
58, 22
-87, 3
-26, 49
94, 16
40, -89
20, -63
42, -5
34, 10
-73, -61
26, -23
8, 66
-28, -98
53, 4
-74, 67
-16, -8
51, -67
76, -40
-76, -76
-22, -25
-67, -24
-51, -60
44, -17
71, -11
-5, -29
16, -42
-15, -4
43, 66
63, 97
35, -55
50, -96
-7, 94
28, 11
75, -85
-64, -98
-50, 36
-83, -5
45, -51
-50, 35
23, 89
55, 24
92, -50
35, -14
44, -71
67, 5
-7, 1
49, -3
-83, -8
-19, 37
58, 17
68, -48
87, -75
-96, -89
-66, -42
-35, 58
-42, -63
-100, 55
11, 43
2, -52
84, 93
54, 15
-73, 25
-62, -80
-100, -31
-63, -27
64, 74
-71, 75
78, -29
95, -60
64, 38
0, 24
76, -73
37, 93
-93, -63
90, 57
-40, -52
-81, -99
-62, 92
3, 72
-76, 28
56, 15
94, 62
55, 19
38, 51
-54, 15
-84, 93
-82, -6
-4, 19
-25, 18
-37, 31
21, 54
-15, 74
-100, 95
-74, -44
65, -61
12, 28
-70, 26
97, 5
22, 52
-37, -1
-43, 21
-53, -1
2, -66
57, -7
-8, 15
18, 49
-4, 96
-60, -38
81, -96
25, 38
75, 19
85, -4
95, 14
54, -28
-4, -9
40, -26
10, 68
-11, -49
-94, -22
-46, 18
-67, -42
-87, 60
-78, 62
29, -18
1, -56
-73, 43
95, 91
100, -70
84, -7
-50, 12
53, 78
39, -49
-13, 60
58, -12
10, -63
61, 42
-16, -57
58, 98
-80, 88
-28, 59
-67, 28
78, 27
45, 51
39, -60
9, -23
85, 34
-20, -53
56, 11
23, -74
-42, -64
44, -63
-68, 96
27, 84
32, 58
59, -45
13, 57
-26, -64
62, -97
-5, -70
-7, 98
95, 94
56, -85
29, 64
-68, 57
-11, -93
-61, 10
-79, -42
20, -60
77, 95
34, -91
16, 9
-74, -9
-3, 79
27, 64
-32, -3
92, -6
25, 58
57, -82
13, 52
-54, 22
-9, -42
77, 34
94, -64
-55, 0
-24, 55
-79, -2
26, 69
39, 9
70, 59
-99, 95
-49, 69
70, 54
-63, -20
80, 59
-75, 44
-54, 99
9, -8
-39, 9
67, 99
-29, 66
61, -85
91, 89
15, -5
-68, -38
42, 58
-83, -17
-21, -2
71, -6
61, -89
56, -94
-40, 38
-95, -84
7, -70
-88, -90
-12, 0
-17, -49
-93, 98
65, -55
-74, -61
-17, -48
33, 50
94, -86
-85, -100
8, 50
79, 11
-93, -95
22, 46
-66, 56
-81, 24
-9, 8
-97, -24
95, -18
99, -42
-87, -50
61, 41
-53, -84
-72, 66
65, -47
-25, -52
63, -27
-81, 0
-97, 42
-23, 11
32, -67
14, -93
-64, 87
-19, -21
97, -9
17, -52
32, -51
29, -99
-97, -27
4, 27
0, 64
-67, -33
56, 22
-39, -80
-94, 95
79, -35
-31, 76
-16, -77
-30, -8
75, 98
-33, 98
-47, -48
-62, 61
75, 27
80, 74
69, -3
-44, 66
33, -83
-48, -89
-70, 26
64, 32
36, 19
27, -66
35, 0
67, -34
73, 41
37, -68
-38, 38
-10, -13
-42, 44
23, -17
-29, 47
37, 16
49, 12
-44, -29
-82, 61
2, -52
-91, 92
-64, -66
-89, 47
-94, -86
-36, 58
85, 70
71, 96
81, -11
-5, -11
41, -42
33, 18
78, -80
-61, -4
30, -28
19, 2
7, 7
-58, 97
-73, 88
95, -97
-19, 80
-43, 97
-75, -11
-25, 46
-88, -3
50, -32
49, -4
75, 29
-84, 92
38, 0
28, 22
-69, 91
-19, 85
-14, -53
1, -5
-67, -14
-81, -75
18, 1
-100, 50
-2, 22
-18, -19
92, 42
-44, -82
51, 76
46, 79
99, -4
63, 79
-6, -38
-47, 10
-39, 46
30, 26
-60, -20
-54, -18
13, -82
75, 5
60, -14
-54, -48
2, 21
51, 54
28, 69
9, -53
-82, -90
80, -26
-22, -58
-26, -48
-12, 90
-78, -37
10, -91
-61, 67
-53, 62
72, -34
-20, -20
-77, -75
-62, -32
24, -41
-80, 54
-62, -97
11, -29
-69, -77
-96, -23
-92, 97
-51, -75
24, -71
71, 65
-48, -87
-71, 28
71, 26
-65, -32
-39, 90
75, -90
-25, -39
56, 72
-25, -14
70, 23
54, -9
68, -50
-92, -82
-38, -20
-71, 29
39, -1
-62, 80
-93, 44
33, -18
67, -67
-26, -19
63, -85
83, 23
-19, 20
-64, -96
-18, -17
-51, -42
-10, 30
-13, 15
19, -81
91, 13
-81, -33
-90, 52
-81, 27
50, 73
90, 3
-9, -90
16, 34
24, 50
59, 99
-63, 82
-22, 63
-91, -80
6, -16
-1, -99
-100, -17
-6, 38
-23, 57
41, 26
78, 25
-84, -2
-82, -97
-6, -34
-82, 29
-19, -69
-15, -39
-30, 40
-50, -2
84, -71
91, 90
-60, 13
-2, 55
11, 10
-26, -21
-30, 68
-36, -55
19, -72
68, 51
-82, -38
96, 8
-77, -91
6, 63
-3, -63
80, 64
-56, 31
73, 59
-67, 65
31, 90
84, 95
62, -97
-95, 3
97, 50
0, 63
89, 45
-83, 27
27, -81
98, 85
96, 47
-12, 76
-17, -64
-4, -20
45, 37
63, 35
46, 56
0, 38
-63, 44
-74, 5
54, -53
59, 36
-63, -92
39, 55
-67, 57
46, 69
97, -64
-37, -44
17, -32
-16, 8
-78, -25
78, -15
53, 77
-50, -27
16, -41
59, 6
31, 39
73, 76
-23, -13
-54, -77
8, 15
58, -50
58, 90
-67, -91
-89, 12
58, 75
65, 88
-70, -93
24, -66
21, 57
69, 18
-13, -98
47, -59
-24, -96
75, -49
86, -46
99, -31
-48, -4
4, 3
-69, 49
50, 37
-19, 93
-51, 71
-91, -42
36, -38
-70, 23
-25, -76
-73, 32
-25, 92
30, 38
-9, 60
-13, 69
-58, 90
-24, -34
-69, 53
-31, 64
39, 77
-61, -44
-12, 39
88, -38
-89, 35
-96, 96
-14, -3
-30, 45
-84, -36
21, 69
-100, -31
27, 65
62, 15
41, -1
85, -60
45, 34
42, -86
43, -71
-27, 16
-43, 1
-58, 77
-16, 86
41, -59
79, -75
-90, -35
77, -87
-90, 75
-65, 82
-41, -24
-7, -49
75, 77
-48, -42
-79, -49
-56, 5
-18, -35
11, 14
41, -37
-18, -83
42, -65
-13, -87
34, 14
-77, 49
47, 17
-39, -49
50, -79
84, 79
31, -36
17, -44
20, -25
-44, -66
-98, -82
-6, -3
73, 4
15, -66
56, 89
-40, -27
-86, 74
20, 52
-93, 0
97, -71
-55, 47
-22, 10
-87, 90
25, -88
43, -98
18, 17
-27, 25
41, 87
-41, 78
-40, 79
2, -13
-85, 7
3, -23
-61, 15
-60, -94
61, 11
91, -23
-3, 62
-63, -38
-80, -40
16, 80
49, 78
88, 80
-85, -59
-33, -45
-68, -65
-58, 76
20, -13
31, -14
69, -86
21, 59
12, 66
-97, 30
52, 44
-2, 6
40, 75
29, -73
-35, 14
92, -95
47, 23
39, 5
66, 98
55, -98
8, 67
14, 58
13, 91
68, -40
-84, -63
19, -38
98, -98
39, 12
66, -35
66, 53
33, 7
-51, 98
-17, -52
-10, 19
-68, -73
-78, -29
-23, -83
-12, 20
-16, -27
53, -17
-77, 76
-59, 37
15, 75
100, 75
40, -45
-33, 67
-42, -52
53, 73
26, -97
100, 72
35, 86
-21, -94
74, 40
26, 21
-89, -91
18, 82
82, 61
-12, 18
-21, 0
-7, 5
74, -20
8, -35
45, 28
-58, 63
42, -94
-64, 11
-54, 71
68, 9
30, 55
-55, -96
-36, -20
95, 63
-24, -15
25, 37
13, 46
-85, 100
-19, -99
-18, -80
-22, 18
-13, -20
32, -38
-19, 78
-71, 18
-75, -39
85, -93
-30, 90
72, 85
100, -99
24, 19
46, 64
69, 52
22, 36
83, -11
-24, 80
-56, 16
-92, -11
9, -26
69, 7
-10, 71
-14, 92
86, 66
-28, -5
-71, 74
-32, 19
69, 30
-14, -72
49, -85
-7, 27
5, 85
-80, -74
-14, 57
-69, 33
95, 36
14, 13
26, -12
6, 52
-5, 35
88, -48
-33, 13
68, -84
79, 19
-89, -82
7, 81
52, -22
84, 76
-19, -5
94, 83
-73, 27
53, -70
-73, 79
87, 58
-31, 6
-48, 41
-43, 8
55, -68
92, -97
-92, 32
-36, -61
-16, 75
-54, -60
-86, 25
19, 83
-11, -28
-94, 77
31, 21
69, -56
42, 49
25, -40
-5, 18
91, 44
-65, 50
28, -94
63, 74
31, 42
-71, 69
99, 25
-48, 42
-12, -49
-47, 15
61, -64
70, 89
85, 89
-45, -43
90, -64
-2, 97
-29, -39
85, -68
81, 78
0, -89
-67, -29
18, -23
-73, -1
-1, -2
84, 48
75, 53
80, -28
60, -1
-85, 80
90, 56
-81, 55
-91, 10
-3, -28
23, 17
84, -93
-53, 58
12, -56
14, -85
13, -85
-79, -35
-7, -7
95, -60
-42, 42
52, -4
-29, -44
85, 6
-95, 83
-81, 54
-31, -48
13, -9
48, 72
-88, -64
-21, 72
0, -72
16, 24
44, -71
67, 13
37, -36
99, -32
-25, -98
-85, 23
60, -70
52, -68
-29, 48
92, 15
-1, -18
-48, 71
1, -79
31, -75
15, -49
-67, 54
-11, -35
54, -91
-12, 75
-51, -58
42, 94
-83, -95
25, -4
20, 18
-89, -53
86, -13
33, -41
87, -18
15, -88
-8, -4
-52, -72
16, -15
-61, 66
97, 89
-97, 45
-28, -92
86, 82
-79, -93
58, 45
-66, 30
69, 34
-33, -13
64, 35
-72, 99
18, 88
-40, -59
66, 75
2, -53
-53, 84
71, 55
74, -93
-47, -71
-95, 14
39, -14
-53, -40
-48, 46
-52, -86
15, -10
-19, 3
-25, 89
22, -62
-40, 20
25, -31
-24, 39
-68, -17
-54, -100
83, -2
-49, 90
93, 99
-83, -27
-84, -63
-97, -16
-56, -32
-75, 92
62, 20
10, -41
-51, 62
38, -23
9, -20
50, 56
70, -23
-39, -71
57, -53
9, 69
-3, -34
81, -87
-31, 55
-83, 71
61, 85
-56, 14
73, 67
-5, -4
94, -12
27, -69
27, 71
55, 24
-94, 29
35, 94
-74, 13
-43, 0
-56, 44
21, -5
-88, -35
-19, -35
20, 56
70, 11
-79, 45
-96, -30
27, -51
36, 15
-24, 79
-3, -14
-93, 5
8, 86
19, 7
18, 43
8, -83
-55, -37
14, 100
11, 78
-60, 45
55, -97
-54, 62
77, -99
84, 69
-58, 16
-28, 66
32, -76
77, 16
-71, -79
43, -98
73, -93
-59, -2
99, 12
-51, -6
-25, -54
-29, -86
43, -16
-69, 4
61, 78
-94, -31
88, 13
-96, 20
-77, 80
-67, 75
33, 50
-37, -72
-96, 75
82, 10
-38, 86
93, -40
-53, 32
54, -46
-26, -57
-61, 90
92, 84
52, -98
-92, -51
-53, -60
-8, 2
71, 38
-11, -3
87, -61
94, 81
-11, -34
-14, -54
-10, -70
-1, 19
22, 86
-5, -10
72, 22
-4, 44
26, -52
-40, -73
-94, 3
-9, 96
98, 63
-95, -36
-45, -83
18, 59
17, -9
78, 85
74, -52
43, -56
-25, 63
19, -74
66, 26
-90, 84
-69, -14
-2, 14
98, -45
57, 57
58, 83
13, -29
42, 16
-85, -31
-53, -28
-22, -48
41, -22
-33, -49
62, 51
-71, 25
-26, -16
20, -57
-86, 39
-19, 35
-14, 33
6, 71
24, -34
-37, 24
-19, -36
-99, 55
-15, -57
27, 19
30, 2
-10, 53
100, -38
79, 18
-82, -64
-13, -30
6, -15
-55, -5
-51, 79
53, -82
-60, -65
-47, 67
-33, -6
-98, 77
-96, -30
-78, 34
-96, -67
-22, -2
-57, -11
16, 6
24, -2
-97, 33
-21, 22
-21, -17
-81, -66
-19, 19
-40, -36
3, -40
58, -73
-53, -72
-31, -38
78, 90
78, 99
17, 90
-9, -80
39, -65
31, -25
-5, -70
85, -25
-57, 33
84, 40
-89, -23
35, 70
77, -55
-35, -41
23, 84
-33, -64
-26, 6
32, -91
53, -34
29, -94
7, 54
-15, -4
-97, 24
-94, -19
26, -13
91, -47
22, -32
-94, -3
-73, -90
-93, -7
-94, -42
-42, -93
2, 10
-99, -68
-57, -76
34, -50
-67, 55
39, -25
-69, -35
44, 15
-38, 31
-32, 31
-77, 87
22, -47
-16, 68
97, 41
-60, 28
32, -5
-26, 52
-5, -87
62, -54
89, -93
53, 25
-19, -55
-99, 71
34, -66
-92, 64
74, -100
70, -81
71, 37
35, 17
22, 100
-8, -40
94, -37
-84, -97
55, 33
-89, 12
-13, -18
-24, -32
-90, -41
-78, 86
-73, -51
82, 63
-24, -21
9, 50
79, 89
56, 57
-38, 32
-76, -71
-100, 36
13, 80
-30, -60
-38, 86
-90, -58
-64, 8
-22, -39
-91, 8
74, -38
-26, -18
-9, -1
-12, 66
-37, -75
82, 58
97, -26
61, 43
75, 14
99, 74
-60, -62
-5, 1
-39, 7
-96, -9
78, 52
-47, 47
56, 96
35, 42
-24, 56
89, -56
-18, -40
74, -49
-46, -93
71, 100
74, 46
-8, -21
-76, 36
79, 34
21, -29
60, 93
12, 90
22, -83
46, -4
-64, -75
29, -35
-75, 89
-37, 56
87, 82
41, 67
-10, -42
-4, -27
-98, 18
61, -66
-15, 10
34, -19
16, 61
94, -38
9, -88
5, -18
-12, 17
-70, -89
-23, 71
85, -52
-59, -17
68, -27
23, -59
-51, -51
34, 100
-40, 61
25, -93
-48, 86
23, -63
-23, -62
-62, -23
77, 73
51, 57
43, -9
-73, -67
-10, 68
56, -34
-70, 43
-35, -53
-64, -92
-64, -6
71, 39
71, 25
50, 18
63, 87
73, 67
43, 84
54, 94
27, 60
58, -2
4, 2
43, 59
21, -11
-78, -14
-11, 6
-67, -8
-88, -34
64, -88
-48, 59
-65, -95
27, -89
-33, -61
57, 93
92, -33
-70, -27
-44, -80
-71, -33
-54, 47
-31, -41
-85, -59
20, -14
-67, 72
-43, -80
-54, 44
-56, 75
32, 78
-74, -90
-47, 66
45, 43
-94, -48
68, 15
-69, -21
-68, -89
84, -99
35, -77
-76, 37
-45, -90
-78, 35
6, -57
-91, 15
45, 29
33, -64
22, 60
-56, -64
-37, -55
-93, -30
-61, 27
68, -9
23, 25
-79, 61
-35, 31
-86, 46
-99, -44
21, -97
74, -74
-29, 100
95, 74
-40, 23
71, 33
-11, 96
36, 17
80, -28
44, 41
43, -69
70, 35
-39, 85
87, -34
-53, 23
-98, -97
-23, 60
63, 4
-83, -25
-42, 0
-10, 70
86, 8
18, 55
64, -14
62, 86
-71, 52
-44, 56
-72, 66
-2, 77
71, 41
8, -64
25, 62
-95, -73
-61, 92
70, -72
-77, 87
44, -93
95, -38
91, 96
68, 45
48, -24
32, 88
33, -37
-21, -75
-21, -8
-50, 12
9, 80
-25, -1
80, 16
65, 46
25, -24
-62, -93
-81, -16
91, -66
-13, 74
-82, 21
-41, -3
-26, 91
74, 10
-80, -86
-74, -18
50, -60
7, -5
-100, -15
69, -67
-20, -63
13, -94
50, -5
-14, -89
47, 68
-95, 84
14, 42
75, -92
100, 3
53, -41
-87, 59
-5, -26
-34, -42
-23, 61
10, -52
-64, -15
90, 3
57, 18
-21, 10
93, 100
70, -84
85, 8
-38, -41
62, 31
-1, 28
-78, 58
-65, 63
42, -44
64, 56
88, 46
22, -11
93, 83
70, 44
21, -62
-55, -39
91, -55
1, 22
4, -49
-67, -93
-35, 4
17, -58
-100, -14
80, 24
-22, -68
38, -55
-65, 57
-18, 70
83, 40
35, 76
14, -49
-42, -73
8, 17
-76, 72
6, -3
-59, 70
-52, 44
9, 48
98, 17
-25, -62
39, 30
98, -19
-20, 79
6, 21
74, -90
66, 2
-59, -69
-25, -20
65, -23
72, -53
7, 11
-66, 84
-84, -32
36, 66
-23, -92
86, 72
8, -41
0, -11
-58, 64
88, 58
-98, 65
11, 95
-45, -84
49, -54
15, 74
100, 77
-8, 38
-18, 15
-3, 53
11, -68
-64, 96
-80, -33
14, -30
23, -72
33, 20
-9, 71
-77, -84
-76, 2
-84, -25
-29, -17
91, -84
-46, -17
-44, -79
34, -84
14, 53
83, -50
63, 88
-59, -95
-14, 58
94, -83
-54, -50
-1, 51
66, 28
-52, 76
69, -31
-28, 80
35, 4
95, 91
-39, 92
-82, 86
-49, 47
9, 34
-40, -98
50, 60
-83, -40
64, 81
-35, 20
-51, 84
11, 45
89, 48
-34, 65
74, 72
48, -59
-57, 74
74, 19
75, 32
48, 22
26, 1
38, 19
-6, -82
96, -71
-24, -23
1, 54
50, 50
-30, 8
-97, 42
-91, 43
24, 78
-13, -26
6, -67
7, 20
89, -81
26, 5
-70, -18
-99, 2
65, -100
27, -82
7, 26
-97, 19
-59, -14
-5, -12
58, -9
1, -68
40, 89
95, 81
-12, 66
0, -55
-74, -73
14, 80
-88, 2
84, -76
79, -65
-89, 76
-44, 63
29, 47
16, 100
-60, -96
-61, -31
-83, 89
89, 23
35, 67
-97, -22
-54, -61
-27, -12
-33, 36
97, 6
-70, 14
31, -73
-57, 58
60, -87
-66, -52
-13, -42
69, -89
65, 30
-30, 97
8, 90
-84, -69
61, -24
-36, -53
-84, -79
17, 5
-20, -94
-100, 63
-7, 28
-79, 66
59, -64
-80, -32
57, 29
-44, 80
-67, -15
-49, -64
-39, -71
-21, 32
4, -28
-15, -22
78, -57
84, -86
26, -16
-47, -15
-37, 89
-90, -17
66, -39
34, -79
-77, -24
-4, 31
8, 9
-77, 60
11, 78
-60, -50
-27, -2
-68, 66
87, -81
-56, -2
-74, 62
78, -66
-25, -35
98, 41
27, 34
-11, 13
14, 79
-95, 100
-41, -61
95, 12
65, 66
-99, -65
13, -98
13, -35
86, 10
2, 20
87, 35
38, 28
-5, -15
64, -57
-26, 91
-72, 64
71, -5
2, 70
80, -81
-100, -27
-81, -4
-98, -90
-67, 47
10, -41
69, 76
-2, -17
70, -66
-2, -47
26, 67
-81, -45
4, 11
-82, 65
-43, 72
46, -18
88, 47
40, -5
59, 35
18, -5
-68, -51
-69, 36
0, 88
68, 11
-51, 14
2, -25
97, -73
45, 27
-23, -25
96, -72
99, -49
88, 9
71, -100
35, -19
-51, -98
28, 64
-76, -14
42, -78
-65, 40
14, 50
54, -48
29, -73
71, -24
-76, 51
-5, 17
91, -74
46, -4
-70, 49
-90, 81
30, 66
-72, 51
41, -45
23, 57
-86, 56
-69, -25
99, 58
64, -62
28, 68
-42, -43
52, 61
50, -16
-49, 50
-88, 51
-95, -66
79, 73
-30, 42
-38, -53
-73, -77
-52, -42
-27, 67
69, -15
-75, -28
92, 81
43, -44
-6, 35
-63, 4
-65, 67
-57, -50
-27, 77
-41, 44
60, 52
77, -96
42, 88
-89, -2
12, -42
47, -96
-81, -78
100, -30
-63, -71
58, 84
-50, -79
-16, -58
-17, 17
56, -66
26, -1
9, -20
-3, 69
76, 68
56, 65
-29, 14
83, -20
-94, -80
-35, 87
-38, -66
-86, -37
-63, 45
82, -35
-20, -93
39, 27
52, 50
-6, 29
99, -94
-67, -72
65, -53
-71, 19
-31, 19
-60, -17
-57, -27
72, -77
-19, 15
19, 48
53, -17
-54, -35
45, -23
33, -3
-24, 45
-73, 94
-95, -54
-74, 49
-5, -12
37, 98
81, -8
51, -38
88, 15
-36, 88
43, -55
-27, -63
-83, -35
-87, 63
-56, -86
-49, -93
-27, -35
20, 69
78, -95
61, 65
-12, -70
82, 82
97, -13
74, 65
-82, 90
91, 18
46, 81
-29, 11
40, -45
-60, -40
-52, -17
93, 88
31, -5
91, 100
87, 18
39, -95
-57, -44
22, -98
83, 61
75, 22
10, 67
90, 35
88, 80
-64, -33
-73, 17
-77, 14
-37, 23
1, -15
-89, 83
-26, -82
-82, -56
-3, 27
59, -18
28, 21
-34, 18
59, 1
50, -25
15, 95
-82, -22
72, 83
96, 43
-27, -78
-18, 42
65, 92
-65, -89
-77, -38
-90, 87
76, -66
-42, 41
30, 40
-34, 82
27, 23
-84, -22
72, -90
-75, 85
-44, 100
-73, -4
-48, -100
93, -30
-59, 72
83, -68
-93, -83
49, 80
83, -87
13, -93
-100, 74
-87, 41
-25, 30
84, 98
93, -53
3, 91
46, 69
51, -30
-12, -10
38, 17
84, 5
100, -73
-13, -26
92, -4
-82, -21
13, 27
-24, -33
28, 76
-60, -12
98, 65
11, 95
-7, -61
12, -53
94, -54
-36, -15
66, -42
-41, -83
-26, 36
-77, -75
-28, -24
-6, 93
72, -21
11, 68
79, -15
-49, 87
-90, 71
35, 27
-84, 81
-11, 33
-82, 14
68, -80
52, -55
7, -53
79, -48
74, 84
64, -75
-73, -48
69, -100
-53, -58
52, -86
51, -99
28, 79
4, -2
-18, 45
87, -76
-17, 97
-38, 77
90, 95
-24, -87
-34, -76
51, 11
72, -93
-52, -38
12, 35
-93, 3
-55, -78
-78, 96
-92, -89
11, -27
19, 54
-62, 65
-21, 13
-94, -12
36, 63
-55, 56
86, -14
-87, -88
21, 44
80, 31
28, 27
-43, -15
-84, 12
24, 11
37, -35
-18, 63
-77, -99
17, 64
-34, 33
61, -2
-13, -1
-78, -21
49, 57
82, 5
17, -78
-4, -98
-93, 17
-99, -51
84, 84
40, 55
65, 73
84, -72
-53, -89
84, 8
-89, -13
89, -39
64, -33
-3, 56
-82, 7
-44, 47
-93, -62
-82, -10
-94, 76
-63, -57
42, 55
55, -50
-65, 31
-68, 2
100, -79
-6, 75
51, -77
51, -37
-15, -57
-69, -12
-98, 91
19, -48
-79, 12
-77, 79
19, -7
-39, 56
-44, -74
-98, -3
36, 9
22, -92
42, -86
-80, 98
47, -29
64, 21
66, 53
3, -67
50, -23
-75, -22
-41, 33
45, -14
-47, -16
-77, 72
20, 63
-69, -12
-63, -8
-84, -56
91, -39
49, -96
-92, -50
-88, -17
-61, 2
-97, 27
-53, -68
58, -2
-82, -49
-100, 8
-70, -21
54, -54
-37, 4
-13, 49
-19, 38
-71, -70
-88, 13
-58, -100
29, -79
85, 32
29, 85
35, -99
4, 7
23, 24
4, -12
51, -91
-92, 88
5, 68
-100, 40
38, -69
86, -3
91, 59
94, 73
-36, 2
-12, -69
39, 60
47, -92
-80, -25
10, -43
25, -46
63, -32
9, 58
-46, -20
-71, -61
28, 17
-50, 39
20, 1
-67, -94
-51, 30
61, 97
-27, -10
-35, -94
-54, -14
-48, -91
-29, 50
41, 24
44, 61
2, 34
86, -59
79, -25
10, -95
-72, 54
0, -71
-95, -30
56, -11
3, -46
-35, 6
7, 57
91, 92
40, -74
32, 13
-8, 85
24, -86
-60, -58
97, -56
76, -46
-23, -49
-84, 28
89, 54
58, 52
91, 23
91, -91
-16, 5
12, 92
-89, 37
-20, -15
-77, 49
-72, -25
-19, -64
-14, -27
-99, -5
-44, 3
95, -74
93, -12
-22, 87
32, 43
-97, -29
4, 7
-23, -93
26, 90
-50, -12
1, -94
-22, -94
96, 46
79, -41
-19, 86
-79, -67
-58, 33
-31, 77
68, -38
82, 8
-88, 75
-45, 33
19, -69
-35, 55
15, -80
-82, -99
34, 62
26, 28
-65, 68
-19, -43
-1, -11
11, -89
88, -79
11, 52
57, 6
1, -58
-48, -1
-36, -99
26, -14
-8, 15
36, -94
-10, 97
96, 58
98, 99
73, -81
-87, 29
64, 30
-40, 26
24, 67
-65, -45
93, 59
68, 36
28, 71
85, 65
53, 71
24, -55
79, -14
90, 16
41, -78
79, 64
31, -20
70, -24
-53, 7
79, -36
-32, -3
51, 50
59, 4
2, 21
75, 31
-74, -28
-25, 17
-30, -75
-13, -83
49, -64
-37, 8
-57, -19
-45, 89
-98, -75
-31, -38
57, 70
42, -31
-97, -1
83, -81
-91, 58
-65, 32
100, -92
-13, -67
22, 86
-64, 28
-14, 93
93, -61
59, -75
48, -81
75, -54
-56, -38
-71, 79
-9, -69
-76, -2
-79, 0
-27, -44
57, 6
65, -63
-77, 93
21, 8
-70, -3
85, -80
28, -26
-45, -22
7, -32
4, 51
-31, -60
12, -62
85, -77
-76, -2
-74, -1
59, -79
-38, -71
-51, -5
-19, -77
-24, 56
-48, 17
-63, -34
47, -41
-95, 4
63, 0
-72, -70
-18, 47
24, -58
-91, -82
13, -31
45, 46
-8, 13
37, -26
60, 2
-53, -92
-31, -10
85, -39
-7, -84
-4, -43
-97, 97
58, 89
3, 90
-41, 29
-78, -63
67, 96
-30, 1
-12, 72
17, -51
88, 15
94, 7
-93, 14
1, 20
-78, 31
-11, 88
-16, 80
-55, 55
-2, 90
-14, -44
-82, 30
58, -66
41, 4
-76, 98
-64, 60
-1, -1
-80, -48
-44, 4
-25, -88
55, -13
49, -41
-81, -4
73, -1
24, -70
-54, 10
-56, -47
-63, -14
64, 2
-49, -84
72, -6
50, 12
53, 0
-8, 22
-29, 71
60, -73
51, -73
-100, 71
-60, 97
30, 68
68, 93
-36, -68
78, -64
29, -30
-70, 71
88, 97
67, 16
38, -56
-89, 75
23, 20
50, 24
89, -87
-38, 54
40, 63
13, -37
-17, 82
-81, -65
100, 46
1, 43
-79, -89
-82, 44
-69, 75
61, 46
-38, -29
-77, -24
70, -12
-27, 10
15, 44
15, 20
-26, 21
45, 59
18, 24
83, -47
-41, -87
-24, 22
-86, 38
-63, 3
-25, 1
72, 0
93, -2
-13, -77
84, 65
68, 14
62, -38
20, -43
-87, -67
33, 37
65, 19
97, -5
11, 64
-37, -23
-17, -23
-30, 86
-58, 12
-23, 2
-41, 51
-42, -25
32, 24
-96, -22
78, -1
-91, 0
-88, -39
-37, 94
-71, -72
-77, -68
-58, 1
-64, 47
-18, 52
90, -74
-76, -36
77, 57
-74, -77
4, 52
1, 7
36, -85
-38, -72
-71, 4
-95, 46
87, 28
18, -29
-15, -96
67, 94
-17, 6
-86, -21
97, -43
-76, -42
-9, -8
76, -97
-88, -13
55, -53
44, 88
-28, -42
78, 88
-81, 34
46, -64
-87, -79
-14, -59
-95, -29
-41, 62
-11, -42
-8, -23
-76, -39
22, -44
-57, -61
68, -26
-9, -40
-25, 7
-44, 34
67, 26
-2, 50
88, -86
-34, 17
45, -72
-56, 43
48, 75
6, 21
-30, -16
60, -70
8, 14
-88, -73
-63, -72
-5, 30
-76, -63
20, -98
92, -19
6, 50
-45, -46
10, 38
-5, 72
55, 4
-97, -93
-91, -35
-16, 96
-92, -72
-45, 36
-22, -35
91, -70
-10, -73
45, 3
22, -27
52, -58
-53, 80
-2, 99
-9, 97
23, -28
-63, -36
-17, 6
98, 33
52, -20
45, 15
75, -74
5, 41
-10, 59
-23, 29
-38, -97
5, 98
19, -82
92, -32
-50, 20
-29, -83
71, 78
-100, 42
74, -87
27, 37
12, 37
17, 87
56, 63
-17, -89
91, -90
-88, 47
79, 30
6, 84
81, 67
52, -13
-100, -48
-81, 62
-18, 10
79, 30
92, -2
-45, -60
-1, 5
-39, -94
-45, -20
84, -58
-35, 19
-47, 38
50, 26
-96, 36
34, 91
36, -36
17, 26
19, -87
-66, 51
-35, -54
100, 78
-72, 91
-97, -55
21, 98
-81, -38
94, 10
-11, 74
95, 99
-86, 8
-6, -41
-88, -12
92, -34
-15, 20
-78, 83
-9, -98
-97, 24
85, 34
-54, -37
57, 21
-30, -27
37, 45
-60, 94
55, -57
-81, 42
-49, -51
-61, -69
-77, 82
-63, -46
-92, -15
-19, -10
-25, -100
-48, 17
97, -86
25, 67
63, 68
-53, 48
-93, 88
-75, 63
-83, -38
-80, -61
46, 37
77, 86
-40, 44
60, -72
-99, -39
66, -41
6, 39
-67, 52
51, -10
-86, -60
28, 52
76, -32
-17, 83
-26, -81
-19, 32
96, 85
-18, 1
-71, 59
54, 8
25, 44
-22, -78
1, 82
45, 77
-60, -36
70, -86
51, 55
-91, -64
78, 31
29, 92
6, -79
31, 55
-76, 41
77, 37
35, 12
-86, 65
-24, -25
-29, 51
77, 97
25, -85
79, -7
52, 97
53, -36
78, 4
-84, -26
-95, 35
-17, 72
-7, -82
-17, 80
-43, -5
19, -58
66, 74
30, 64
-43, -1
98, -24
-59, -26
44, -35
30, -32
50, -84
90, 20
26, -44
7, 50
-60, 20
19, 16
79, -96
-1, 64
-47, -46
-7, 15
10, -7
80, -84
-73, 71
-16, -99
-3, -74
-74, -16
-34, 83
-34, 36
-80, -37
-12, -91
78, 18
-60, -80
-9, 61
-47, 38
-72, -21
13, -92
17, 34
-53, 23
74, 76
76, 3
-11, -78
43, 76
-81, 40
-42, -39
-13, -73
13, 37
7, -91
-9, -93
70, -45
99, -99
83, -80
67, 20
-98, 98
37, -51
76, 39
-99, 30
84, 40
-61, -23
53, 74
-42, -67
69, -61
-24, 84
-84, 70
58, -29
-34, -82
-58, -5
-14, 75
-55, -48
82, -71
60, -52
-37, 35
68, -55
-20, -91
-100, 10
-4, -97
-8, -3
0, -69
69, 86
-75, -22
12, -60
99, -45
-28, -68
-53, -88
-38, 16
45, 5
4, 12
-32, -47
83, -7
-50, 65
15, -73
66, 17
-19, -6
34, 38
-74, 65
-23, 7
-80, 48
35, -97
22, -93
-34, 98
-22, 88
4, -94
-18, 56
6, 84
-100, -25
30, -98
63, -11
91, -52
86, -82
83, -69
17, -88
0, 12
-55, 92
-75, 34
-67, 16
-35, 69
-43, -23
-69, 79
46, -57
-28, 91
-62, 69
-53, -7
-59, 74
-78, -50
95, 63
19, -17
94, 56
-32, 72
86, -56
1, -19
42, 81
-1, -98
-78, 84
95, -63
-88, -77
76, 19
25, 70
60, -16
-22, 14
-93, -9
-53, 23
-43, 78
-43, -27
81, -74
-30, -49
-33, -45
97, 88
33, 62
97, -31
-56, -36
-90, -55
96, -88
-74, 40
61, 70
-50, -88
86, 27
95, -42
98, -49
-34, 56
100, 11
-90, -97
-57, -34
-45, -19
40, 44
-56, 19
47, -58
71, 78
52, -5
-96, 92
-85, 39
-19, 39
71, -63
29, -100
73, 56
-20, 76
96, -54
-17, 27
-71, -90
-74, 14
40, -1
52, -99
-90, -22
71, 29
-97, 42
1, -49
-83, 93
-13, -93
33, 79
-95, 32
-24, -47
69, 73
70, -24
20, 18
-58, -99
-23, 29
-72, 13
59, -2
-32, 4
67, -92
25, 54
94, -2
82, 29
72, -53
-52, 69
72, 31
41, 76
56, -2
36, 99
13, 32
91, -44
49, 23
-49, -40
-30, -79
-57, -30
33, -10
45, -69
39, 96
52, -8
-33, -95
31, -89
62, -93
-73, -14
-64, -28
-39, 82
-79, 65
-1, -36
-71, 85
-70, 82
19, 29
38, -28
75, -16
7, 5
52, -2
-86, 56
73, 2
-24, 21
-95, 19
49, 43
63, 27
-71, 99
58, -72
-37, -34
85, 96
-74, -45
-5, 16
75, -38
-77, 12
-94, 54
32, -67
30, 47
25, 51
-83, 58
34, -59
32, -80
-97, 28
41, -90
-38, 6
-9, 30
-60, 61
43, -62
69, 77
63, -77
-87, 75
-17, -74
38, -57
-32, 44
-23, -9
-18, 21
98, -17
-47, 61
3, 90
-27, -86
55, 45
-58, -32
-83, 74
49, -35
-19, 93
-100, 10
45, 84
6, 54
-13, 70
-43, 97
69, -20
76, 72
-46, 73
26, 4
-15, 84
63, -15
87, 97
26, 10
-57, 49
-71, 80
72, -74
-31, -49
27, -51
-64, 72
-5, -13
-32, 55
99, -21
-76, -92
-29, 93
66, 95
-89, -36
-71, 60
43, 47
43, 32
-1, 58
60, 40
57, -21
-8, -5
-56, 90
-79, -50
-7, 98
38, -74
93, -55
-51, -68
78, 32
9, 37
37, 58
74, -69
42, 64
-58, -9
19, 42
-6, -20
-97, 18
98, -89
0, -46
-3, -14
33, -54
71, -87
92, 73
-2, 18
57, -37
48, -90
-74, -82
0, 9
-26, -4
1, 8
97, -67
91, -12
-16, -94
-35, -49
-67, 50
-43, -16
-17, 22
-24, -93
-29, 5
-20, -24
15, -13
-61, -31
94, -81
90, 65
3, -59
26, -42
86, 37
15, -7
36, 35
-35, -38
-41, -84
70, 38
18, 71
74, -90
25, 40
22, 79
-74, 22
-9, -65
-65, -6
-16, 14
20, 62
-44, -61
7, 71
7, -55
-24, -83
-34, 86
-61, -6
7, 78
-84, -86
55, -83
-56, 36
65, -4
-26, -26
20, 3
47, 85
-13, -41
-77, 34
-95, 36
22, 12
66, 21
100, -53
37, 18
-73, -95
55, 92
-86, 77
15, 40
-9, 63
-45, 12
64, -95
96, 72
65, 32
27, -75
82, 10
-54, -23
76, -35
92, -57
69, -60
55, -80
-11, -75
38, -18
-88, 3
56, 17
-19, -92
41, -21
90, 87
-99, -48
-89, -80
-86, 41
57, 1
-84, 38
53, -65
33, -18
67, -57
78, -89
-21, -25
37, 88
-21, -34
-50, 64
-49, -19
24, -7
43, -81
-78, -94
4, -94
-15, -24
-29, -90
93, -22
-51, -62
10, 69
-60, 55
-95, -49
-2, -91
-95, -73
-73, 38
-62, -16
-72, -97
-55, 41
5, 68
53, -40
34, -44
-25, -48
-14, 42
18, -10
-39, 22
55, 66
75, 38
-60, 11
62, -65
-86, -14
38, 76
-10, -19
-9, -70
-70, 14
-32, -51
-13, -65
-19, -81
-71, 18
-41, 64
-94, -97
-3, -51
-44, 5
49, -44
55, -99
100, -14
88, -91
-57, 100
-52, 11
49, 35
-87, 91
-92, 58
-4, -9
45, -58
64, 12
-39, 87
56, -43
1, 73
-58, 11
-76, 61
14, 83
27, 20
-39, 75
58, -16
74, 4
-98, 80
-25, -8
84, -89
-35, 44
-35, 7
32, 89
20, 93
-68, -73
-67, -83
-3, 41
25, 26
-83, -2
-32, 19
74, -18
-96, 40
38, -34
34, 2
-7, 75
-31, -61
-99, 27
-82, -8
58, -75
0, -63
-77, 26
-48, -50
-26, 38
40, 28
-31, -99
77, 44
69, -100
14, 92
96, -37
-88, -96
-100, 97
-63, -79
37, 91
18, 41
15, 79
-11, 53
5, 93
93, -29
40, -15
-92, 32
-12, 68
-41, -63
93, -17
17, 41
90, -100
-63, 48
68, 84
1, -35
-86, -81
-61, -62
52, 96
-40, -88
-65, -40
33, -64
-69, 64
40, -2
63, -62
7, -55
48, -85
-59, -90
59, -44
-85, 88
-40, 48
-64, 66
-100, -67
58, 22
22, 57
99, 91
82, -50
43, 11
-9, 7
-15, 14
-18, 0
-77, -13
-30, 78
30, -58
-29, -25
-36, -35
71, 24
-75, 55
73, -68
-73, -3
89, 82
-69, 24
86, -60
-4, -60
47, 87
-88, 11
-4, 44
-57, 56
8, -99
-98, 64
74, -3
95, 77
-76, -21
-63, -46
-96, 92
-66, -49
38, -97
40, 69
3, 100
58, -34
-69, 36
-30, 43
72, 62
8, -8
85, -82
-73, -79
82, -57
58, 42
49, -9
30, -29
34, -8
51, -63
8, -90
1, -70
78, 0
-53, -29
-5, 60
95, -88
-21, 5
-1, 41
-48, 27
-85, 3
-17, -88
-42, 50
-30, -48
45, -59
-13, -75
40, -52
66, 7
-11, 99
-11, 19
42, 38
53, 49
9, -50
-24, 76
-46, 87
-9, 60
35, 16
41, 15
90, -87
38, 66
-85, 20
97, 55
79, -83
42, 37
-38, -50
-63, 25
38, 9
69, -85
-19, 85
-74, -52
-89, 74
-24, -53
-32, -36
-37, -25
87, -75
19, -3
49, 61
51, -10
-58, 26
82, 81
-29, -12
86, -59
75, -85
9, -96
32, -33
0, -38
3, 94
99, -41
70, -77
37, 31
90, 30
18, -74
-62, 14
-69, 16
92, -71
-37, 21
64, 4
45, 34
-71, -67
91, 48
-33, -8
-9, 59
84, -93
-43, -64
-26, -21
-18, -15
-11, 7
-72, -83
-17, 3
-96, 86
-92, 41
54, 13
-22, 33
-73, 45
4, 31
47, 71
58, -24
47, 19
24, 63
-25, 63
-60, 10
-89, -50
39, 45
-10, -96
-100, 40
27, -99
-1, -36
-94, -55
-65, 96
61, -88
-5, -94
54, 48
-96, 37
79, -66
-39, 30
27, -57
97, -26
93, -44
70, -33
26, 3
-99, 10
-17, 30
-52, 77
-78, -17
-64, 35
60, 15
24, 62
-91, 62
-21, -44
-90, -97
-1, 8
-54, -40
-49, 59
-38, 51
26, 30
78, 60
67, 33
-90, 67
44, 85
-98, 87
2, -85
-57, 49
-43, 52
34, -62
-26, -13
15, -34
82, -95
-79, 52
-37, 64
-65, -82
34, 44
4, 32
96, 32
97, 92
-15, 82
-9, -14
94, -31
100, 31
62, -98
-59, 45
-89, -54
24, 75
-52, -46
34, -76
89, 37
56, 2
-31, 69
31, -12
45, 90
-97, 25
-15, -30
-15, 56
-35, -15
25, -51
2, 58
-56, -3
-16, -30
-89, -62
60, 14
-32, 89
50, 57
-82, -60
-67, -14
28, 63
-49, -12
-55, 67
28, 45
-69, -81
2, 26
-71, 14
61, 19
-63, 36
14, -10
3, -46
4, 100
7, 80
-19, -30
-23, -18
-7, -13
-23, 98
-59, -55
-46, -52
-83, 46
79, -81
66, 51
69, 51
42, -40
-7, 12
88, -62
-94, -33
98, -44
-47, 73
15, -5
29, -71
17, -87
21, -58
29, -16
-31, 77
38, 4
12, 86
78, -77
-31, 19
-22, 42
-73, 17
33, -55
74, -19
26, -24
-81, -76
-25, -66
-30, 60
59, -95
-83, -69
-41, 27
31, 16
-95, -85
40, -20
69, -11
-55, 76
-96, 75
-69, -98
-59, 75
-14, 1
14, -81
-73, 37
-44, -13
64, 90
-70, 34
12, -43
-65, 22
84, -50
5, -5
-79, -16
99, -85
0, -58
-30, -17
-84, 82
56, 92
100, 62
57, -57
88, 40
-99, 99
-88, 92
2, 26
-10, 51
28, 18
50, -25
-65, -47
-20, -98
27, 39
-91, -36
-64, 96
-41, 0
31, -89
71, 4
79, 74
5, 25
34, -23
36, -67
-38, -65
24, -97
90, -1
-60, 44
-2, -48
-52, 69
-15, -7
78, 44
-84, 79
19, -22
58, -88
96, 19
59, 60
-40, -26
-24, -79
26, -93
11, -52
-95, -80
-69, 90
-29, 61
28, -70
-27, -70
47, 28
7, 48
-14, 49
64, 91
94, 90
33, 50
-99, 40
-33, -29
68, 12
78, 55
53, -64
-19, 84
2, -91
28, 10
23, 42
64, -89
-31, 37
-58, 19
32, 33
-47, -76
-91, 57
97, -9
-76, -3
35, -51
78, -95
64, -66
-89, -67
-87, 38
-72, -29
-5, -22
75, 46
-95, -28
-28, 64
79, -82
-69, 79
-32, 74
61, -82
99, 74
-49, -37
16, 98
-100, 93
36, -58
-55, -44
-65, 55
29, -62
24, -59
-66, -92
15, -90
-14, -23
-24, -13
-40, -94
18, 96
-42, -7
53, -89
-12, -63
-16, -57
-74, 65
-53, 79
-89, 41
15, 58
-10, -41
87, 6
-17, -93
38, -18
-43, -56
-46, 76
-47, 10
87, 56
49, 3
64, -82
98, 75
-1, 36
13, -56
32, -62
-5, -30
23, 43
-55, 93
45, 46
-27, -98
-70, 6
3, -17
-55, 40
99, -34
99, -47
55, -10
19, 17
26, 99
39, -87
75, -51
3, -86
46, -75
41, 51
-35, -95
99, -19
68, 23
29, -52
98, 45
-57, 34
30, 95
66, -68
-59, -66
-95, -43
84, 79
96, 55
16, 17
-96, -42
-32, 73
71, 19
2, 4
94, 67
94, -39
-8, -51
-14, -66
-73, -28
76, -97
-17, 18
64, -85
50, 19
-82, -79
25, -28
34, -5
-6, 17
-80, -91
88, -98
-54, -15
-12, 29
14, 88
45, -53
25, -11
-64, 45
-1, -56
-19, 90
33, 10
-81, -54
-80, -64
91, -99
67, -3
38, -48
-74, 78
62, 83
87, -69
77, -85
63, -26
-93, 42
-78, -69
34, 58
97, 34
-33, -99
-8, 46
-10, 5
-41, 38
-83, -6
-17, -63
26, 78
99, 100
-61, -42
-52, -65
-90, 85
11, 88
-100, 37
-90, 12
90, 69
75, 60
-57, 80
-39, 39
39, -68
-33, 68
-16, -85
51, 67
72, 79
25, 7
27, -14
18, 91
-2, -61
-56, -64
14, 79
92, -18
60, -98
91, 15
7, -15
37, -30
-11, 52
38, 22
-85, -33
55, 78
-14, -22
-97, -6
91, 69
75, -12
18, 32
15, -5
69, 35
1, 40
10, 58
37, 43
68, 30
-64, 44
9, 16
-71, -88
-22, -58
76, 2
-37, 75
10, -52
-24, 66
84, -28
18, 42
-68, -14
93, -26
32, -54
70, 67
75, 5
-72, -78
38, 15
-17, 88
-52, -60
-87, -53
54, -86
79, 45
97, 81
-68, -63
-60, -42
-25, 58
79, -82
-8, -85
38, -42
10, 77
13, -99
67, -63
-4, -31
35, 10
58, -94
100, -50
-55, 53
-86, 83
-45, -5
-71, 30
2, -72
18, 82
10, 25
-83, -80
-18, -28
7, 13
96, 14
72, -70
48, 91
-26, 33
-88, -62
-20, -42
-36, -37
52, 78
-86, -46
-39, 77
-72, 72
35, -24
-93, -32
-56, -44
-93, -27
-86, -95
49, -18
-20, 64
60, 84
-26, 100
3, -74
-37, 60
58, -48
52, 3
71, -80
71, -46
34, 22
-16, -27
-67, -58
-18, -96
-18, 54
-45, -35
8, -12
-62, 35
76, 64
-99, -35
-58, 50
-85, -29
56, -54
67, -15
-38, 65
-87, -41
-33, 14
-48, 79
25, 80
-72, 24
-11, 97
-55, -92
-49, 66
82, -33
-91, -21
17, 80
54, 13
25, 34
34, -85
28, 45
70, -78
91, -33
-26, 83
-73, -35
-27, 54
24, -5
21, 81
38, 30
97, 99
-18, 54
-14, -41
-1, -4
98, -97
52, 46
-4, -5
59, -40
96, -45
-87, 94
-58, 99
55, 85
46, -48
-4, -43
-99, -4
82, -54
9, 75
23, -68
22, 7
-83, -16
-45, -26
54, -82
-82, -83
-88, 20
-47, -31
70, -52
-80, -33
-45, 69
41, 5
10, 65
84, 41
3, -2
83, 90
100, 17
37, -30
6, 83
-50, 46
-60, -17
-33, 19
-40, 66
22, 8
44, 21
1, -50
54, 93
-28, -17
-43, -65
-18, 27
43, 24
7, -56
-54, -57
-87, 65
47, -67
-27, 17
-12, 2
80, -60
22, -71
-53, 74
-96, -74
30, 93
-64, 4
44, -71
-57, -82
-7, 30
91, -38
78, -88
-13, -81
-64, -82
-66, -52
-39, -100
7, -75
-32, 62
-27, -49
-32, -14
-27, 87
-100, 97
11, -15
81, -90
28, -78
-74, -92
54, 53
-40, -9
-57, 54
3, 55
-15, -19
73, -66
-92, -76
-60, -49
69, 74
-61, -77
-43, 23
86, 15
48, -95
84, 45
-52, -99
0, -40
27, 86
-2, -90
-33, 73
87, 74
-15, 53
-99, -73
96, 29
91, 57
-43, 36
-24, 18
-66, 87
37, 97
42, 61
68, 31
66, -71
25, -54
-39, 40
27, -49
61, -64
-80, 85
25, 58
-23, -25
67, -96
96, 88
-40, 66
53, 91
-34, -14
-46, -65
-24, -34
-88, 87
-58, 67
-82, -63
-18, -49
92, -7
-16, -39
-43, -74
9, 73
-1, 93
-27, 31
33, -95
-37, 100
58, -100
-66, 69
-30, 1
86, -87
-48, 88
20, -66
96, -80
83, -70
-98, 98
17, -95
-3, 23
100, -100
44, 31
-99, -56
-62, -84
45, -70
24, 31
74, -72
-48, 96
67, 18
7, -25
92, 73
32, -5
-51, 70
39, 34
-97, 67
-2, -5
8, 51
82, -3
91, -87
25, 9
24, 36
67, 49
42, -63
48, -79
86, -79
10, 56
17, -100
84, 78
97, 63
95, -96
13, 29
-33, 5
86, -54
-44, -97
79, 78
20, -49
9, 18
95, 21
-83, 8
89, 11
47, 13
9, -37
95, -69
-14, -31
19, 25
-69, 60
30, 100
-66, -14
-9, -55
-64, 21
-74, -15
13, 74
96, -87
8, 36
-90, -64
-70, 25
-66, 10
-8, -74
59, -80
64, 40
-97, 89
12, -86
0, -94
14, 47
14, 15
-41, 89
-28, -10
-6, -82
62, -18
-39, 9
77, -17
-21, 90
0, 81
91, -12
-7, 83
97, -80
-87, -58
-77, 26
77, -57
-54, -61
-51, 28
89, 77
25, 69
1, 92
43, 83
-53, 54
5, -94
72, -59
82, 23
-29, -100
-68, -23
-38, 19
-45, 9
-24, -70
-20, 55
-46, -60
-28, -26
-67, 62
47, -90
22, 32
16, 91
60, -58
65, 53
-44, -99
79, -58
36, 55
-61, -12
19, 46
73, -22
-98, -34
-24, 36
-99, -52
15, -86
-15, 87
-41, -92
64, 83
-39, 47
53, 73
24, -79
62, -82
35, -57
8, -88
-2, 84
98, -2
-20, -95
64, -5
10, -8
-18, -44
-33, -88
43, -30
-9, 21
-15, 32
-55, 11
-42, 55
-67, -100
70, -52
-88, 72
23, 31
78, 15
-22, 28
69, -76
7, -75
54, 100
-69, -86
-13, 26
-11, 9
-3, 7
56, 76
-20, 55
-49, 15
-38, -34
22, -26
-13, 63
-33, 8
-95, 41
-97, 87
-98, -56
24, -75
45, -66
-91, 68
-25, -60
27, -58
-29, -23
23, -34
26, -41
53, 8
23, -100
-40, 83
5, -65
-30, 94
-9, -11
65, 45
-81, -10
-8, 43
-78, -16
89, -52
-19, 29
-2, 93
77, -92
-38, 42
17, -30
29, -46
18, -40
12, 33
-66, 97
-3, 3
5, 76
-73, -57
-51, 76
44, 30
38, -35
30, 65
61, 90
83, -64
-17, -58
-90, -20
-78, 0
-18, -61
47, 23
-42, -74
31, 62
-99, 61
51, 89
-1, 34
-52, 43
-58, 83
-49, -27
-98, 74
61, 73
-47, -71
-1, -46
-31, -55
-35, 5
-95, -55
36, -89
-67, 13
-75, -3
-39, -14
56, 65
24, -19
20, -57
5, -25
3, -12
1, 76
40, -96
-93, 77
18, -46
-31, -84
-1, 10
85, 0
-44, 93
37, -63
-3, -48
-60, -83
-3, -27
8, -49
47, -31
-41, 69
-63, -58
-71, 65
-61, 80
60, -75
-11, -22
-31, 42
91, -46
-72, -94
-62, -17
97, 68
76, 34
99, -11
-33, 67
40, 72
-81, -61
-13, 92
17, -95
79, 37
57, 45
5, 54
-20, -34
63, -2
-5, -4
-19, -76
-94, -42
23, -34
82, -33
98, 89
31, 66
-6, -80
3, -18
-80, -32
26, 45
68, 66
3, -44
33, 93
-89, 100
13, -11
10, 54
56, -17
-80, -93
67, -69
23, -73
-11, 98
-2, -5
-88, -40
-44, 84
71, -60
81, -52
5, 14
70, -34
13, -48
1, 42
-73, 54
-36, 40
75, -23
-41, -22
-84, 96
64, -79
-39, 98
-54, 1
51, 42
-48, 82
47, 18
15, 76
-72, 54
64, -58
7, 77
-45, -69
14, -97
-77, -92
-57, -24
-61, 91
75, 61
-42, -36
72, -11
-24, 52
94, -29
59, 65
-15, -76
59, -8
-53, -28
-98, -44
96, -65
-7, 90
47, 7
-37, -72
96, -39
70, -21
56, -89
-42, -44
0, -65
-47, -19
-52, 7
89, -91
-90, -77
-5, -39
-93, -19
50, 88
-96, -70
-52, -53
25, -28
-32, -76
25, 34
-3, 61
22, 60
80, 28
-39, -43
75, -14
79, -4
-84, 26
-95, -1
-86, 82
-42, 72
-19, 81
-17, -33
-26, -29
-81, -92
-66, 91
79, -91
-27, -11
14, -70
0, -100
21, -98
-25, 44
17, -90
-39, -27
68, -84
25, 21
-95, -74
81, 69
72, 6
47, 32
-61, -5
86, 26
10, -43
80, -76
87, 27
53, 61
-65, 90
21, 55
64, -85
10, 81
60, 12
22, 63
-8, 99
-21, 90
-96, 27
-73, -17
17, 87
-64, -34
-29, 41
35, 27
5, -4
59, 78
-74, 65
-13, 73
-49, -11
-59, -5
-26, -86
-66, 92
-30, -86
-94, -64
87, 19
-75, 75
24, -48
-78, 80
-61, -78
74, 57
55, -69
-83, -18
64, 82
-76, 92
-56, 67
-77, -18
6, -41
-37, -59
-72, -86
87, -43
-5, 87
62, -30
-78, -15
-27, 39
41, 97
2, 89
60, -51
-25, -51
44, -70
66, 90
-80, -36
-33, -32
69, 53
30, 46
85, -63
100, 33
-91, -84
46, -64
17, 19
75, -13
26, 13
-34, -8
-68, 70
-85, -16
-67, 59
64, 39
-34, -69
34, 20
10, 63
-50, 69
-73, -79
84, -6
1, 61
-42, -10
0, -69
98, 10
-47, -34
21, 46
-32, 48
63, 15
-39, 78
-2, -81
-33, -33
-74, 7
13, 7
69, -25
-55, -50
56, -28
-34, -23
-2, -64
-42, -11
55, -73
-45, -84
-21, -62
-16, 23
-1, -11
-90, 57
-14, 5
-6, 78
4, 2
31, 98
78, 92
-91, 92
17, -92
-27, 63
32, 50
-51, -77
-42, 8
-81, -84
43, -1
28, -82
-98, -78
-45, -77
65, -31
-33, -22
-99, 20
89, -95
81, 89
-10, -1
-24, 4
-67, -8
-58, -67
80, -99
39, 29
86, -27
-17, -77
84, -70
32, -6
39, 75
96, 74
-45, -80
-46, 85
93, 56
-48, 50
-3, 35
48, 24
-34, 30
25, -15
39, 56
-69, 86
90, 71
-8, -35
-51, 66
-81, -70
49, -57
83, -61
-27, -69
-83, -39
23, -3
33, -77
44, -93
-61, 26
46, 58
6, -15
58, 41
-11, 17
-22, 74
-11, -60
-36, 86
-57, -45
84, 10
-47, -71
-28, 8
77, 46
9, 7
-41, -84
-78, 90
-83, 59
-3, -45
90, 17
33, 32
99, 94
-98, 44
40, -52
-57, -26
-46, -91
-47, 89
-23, -14
-1, 100
-19, 32
-79, 46
15, 60
40, -18
4, 83
42, 24
-56, -5
55, 10
-45, -29
5, 90
-66, 84
55, 57
66, 30
26, 27
44, -74
42, -54
-9, 31
-48, 53
-34, 59
34, 15
34, 26
-85, 56
99, 42
63, 93
-84, 59
78, -37
-39, -83
-84, 13
-62, 58
91, 32
43, 51
51, -4
-51, 29
16, -25
44, -50
-49, -67
60, -54
-26, -36
-9, -10
-45, -43
70, -98
31, -84
-42, 28
79, 23
84, 54
-6, 88
-76, -52
93, -86
-88, 38
12, 81
11, -77
43, -48
-83, -71
94, -31
34, 10
26, 18
-6, -86
-100, 21
65, -74
-84, 4
99, 6
-33, 93
-39, -33
-68, 24
-15, 42
-44, -46
-32, -51
-21, 39
-95, 2
-94, 92
64, -77
-28, 24
53, 77
-96, 97
-1, -58
99, 77
-89, -99
43, -1
-94, 37
-58, -29
-69, -54
-69, -12
65, 73
21, 89
28, -62
-88, 53
-68, -77
77, 88
26, 84
89, -88
33, -15
-41, -12
49, -15
-49, 6
2, 15
-48, 76
51, -71
-59, 5
42, -21
88, -81
42, -80
-100, 51
87, 44
-30, -51
65, 63
-71, -55
80, -94
-3, -86
-40, -81
47, -23
-3, -23
9, -21
19, -60
92, 64
-12, -21
-43, -60
-20, 76
75, 3
-21, 86
76, 30
-28, 40
61, 92
-75, 38
38, -11
67, -12
-17, 10
-96, 47
-3, 40
-44, -2
-48, 10
39, -47
-28, 44
20, -56
-26, 44
-14, -49
-9, 26
97, 76
27, -92
-88, -12
35, 12
-35, 55
14, 74
-80, 4
-98, 95
91, -86
35, -89
-11, 71
99, 82
88, 99
2, -83
-15, -34
-44, 83
-88, -53
73, 23
57, 67
-56, -7
68, 89
-70, -15
91, 12
-66, 73
-44, 25
-58, -18
16, 50
-83, 50
93, -76
-52, -64
2, -2
-98, 61
52, -70
-23, 62
-73, 14
-24, -95
12, 11
-76, -94
15, 27
83, 27
99, -94
-22, -48
-54, -71
-21, 27
-41, -40
-38, 0
2, 97
-65, 38
63, 67
-65, -31
22, -31
46, 4
8, 73
-73, -45
-43, -26
16, 31
6, 89
-7, -62
84, -10
26, 83
96, 0
64, 98
-28, -2
84, -13
-2, -34
-21, 8
-86, 50
-86, -2
60, -52
-46, 9
22, 24
67, -86
-93, -25
-32, 33
12, 36
0, 10
-60, 98
-88, 22
-59, 82
-38, 24
72, -79
58, 65
-13, -28
55, 14
-23, -26
65, 3
53, 100
-6, -86
-16, -80
-79, -56
76, -61
-56, -19
15, 46
-18, 39
100, -55
100, 55
-25, -77
71, -46
-39, 32
64, 20
-88, 21
66, -18
10, -40
-33, -72
92, 92
-32, 71
41, 63
8, 48
63, 51
-12, -86
78, 61
30, -32
-38, 26
94, -24
49, -22
91, 37
57, 93
4, 4
-3, 57
-71, 94
-50, -33
-86, 61
-85, -30
-72, -21
13, -42
97, 0
61, 92
60, -35
84, 48
60, -14
51, -56
57, -83
46, 54
-80, 21
-51, -23
-21, 40
14, 39
-44, -52
29, 61
49, 17
100, 77
29, 59
-80, -41
-10, 75
-55, -99
-18, -49
-22, 50
-66, 29
-62, -32
30, 55
-56, 98
0, 35
85, -56
-42, -22
-97, 63
41, 96
26, 71
